-996 24 15.138286302712666 15.313181253729029
84382.10668990287 85405.41468990287 75237.10831009713 75493.10831009713
94 -43.3767687402715 84382.10668990287 75237.10831009713
0 0 0 0 0 0 0
66.279 66.28 66.281 66.283 66.285 66.287  
66.29 66.294 66.298 66.303 66.309 66.315  
66.323 66.331 66.34 66.35 66.36 66.37  
66.381 66.393 66.405 66.417 66.429 66.441  
66.453 66.466 66.479 66.491 66.504 66.517  
66.53 66.543 66.556 66.569 66.582 66.595  
66.608 66.621 66.634 66.647 66.66 66.673  
66.686 66.7 66.713 66.726 66.738 66.751  
66.764 66.777 66.79 66.803 66.816 66.828  
66.841 66.854 66.866 66.879 66.891 66.904  
66.916 66.928 66.941 66.953 66.965 66.977  
66.989 67.001 67.012 67.024 67.035 67.047  
67.058 67.068 67.079 67.089 67.099 67.108  
67.117 67.125 67.132 67.139 67.145 67.15  
67.154 67.158 67.161 67.163 67.165 67.167  
67.168 67.17 67.17 67.171 66.279 66.28  
66.281 66.282 66.284 66.287 66.29 66.293  
66.297 66.302 66.308 66.315 66.322 66.33  
66.339 66.349 66.359 66.37 66.381 66.393  
66.404 66.416 66.429 66.441 66.453 66.466  
66.479 66.491 66.504 66.517 66.53 66.543  
66.556 66.569 66.582 66.595 66.608 66.621  
66.634 66.647 66.66 66.673 66.686 66.7  
66.713 66.726 66.738 66.751 66.764 66.777  
66.79 66.803 66.816 66.828 66.841 66.854  
66.866 66.879 66.891 66.904 66.916 66.928  
66.941 66.953 66.965 66.977 66.989 67.001  
67.012 67.024 67.035 67.047 67.058 67.069  
67.079 67.09 67.099 67.109 67.118 67.126  
67.133 67.14 67.145 67.15 67.155 67.158  
67.161 67.164 67.166 67.167 67.169 67.17  
67.17 67.171 66.279 66.279 66.28 66.282  
66.284 66.286 66.289 66.292 66.296 66.301  
66.306 66.313 66.32 66.329 66.338 66.348  
66.358 66.369 66.38 66.392 66.404 66.416  
66.428 66.441 66.453 66.466 66.479 66.491  
66.504 66.517 66.53 66.543 66.556 66.569  
66.582 66.595 66.608 66.621 66.634 66.647  
66.66 66.673 66.686 66.7 66.713 66.725  
66.738 66.751 66.764 66.777 66.79 66.803  
66.816 66.828 66.841 66.854 66.866 66.879  
66.891 66.904 66.916 66.928 66.941 66.953  
66.965 66.977 66.989 67.001 67.013 67.024  
67.036 67.047 67.058 67.069 67.08 67.09  
67.101 67.11 67.119 67.127 67.135 67.141  
67.147 67.152 67.156 67.159 67.162 67.165  
67.166 67.168 67.169 67.17 67.171 67.171  
66.278 66.279 66.28 66.281 66.283 66.285  
66.287 66.29 66.294 66.298 66.304 66.31  
66.318 66.326 66.336 66.346 66.357 66.368  
66.379 66.391 66.403 66.415 66.428 66.44  
66.453 66.466 66.478 66.491 66.504 66.517  
66.53 66.543 66.556 66.569 66.582 66.595  
66.608 66.621 66.634 66.647 66.66 66.673  
66.686 66.699 66.712 66.725 66.738 66.751  
66.764 66.777 66.79 66.803 66.816 66.828  
66.841 66.854 66.866 66.879 66.891 66.904  
66.916 66.928 66.941 66.953 66.965 66.977  
66.989 67.001 67.013 67.025 67.036 67.048  
67.059 67.07 67.081 67.092 67.102 67.112  
67.121 67.129 67.137 67.144 67.149 67.154  
67.158 67.161 67.164 67.166 67.167 67.169  
67.17 67.171 67.171 67.172 66.277 66.278  
66.279 66.28 66.281 66.283 66.285 66.288  
66.291 66.295 66.301 66.307 66.315 66.324  
66.333 66.344 66.355 66.366 66.378 66.39  
66.402 66.415 66.427 66.44 66.453 66.465  
66.478 66.491 66.504 66.517 66.53 66.543  
66.556 66.569 66.582 66.595 66.608 66.621  
66.634 66.647 66.66 66.673 66.686 66.699  
66.712 66.725 66.738 66.751 66.764 66.777  
66.79 66.803 66.815 66.828 66.841 66.854  
66.866 66.879 66.891 66.904 66.916 66.928  
66.941 66.953 66.965 66.977 66.989 67.001  
67.013 67.025 67.037 67.048 67.06 67.071  
67.082 67.093 67.104 67.114 67.124 67.132  
67.14 67.147 67.152 67.157 67.16 67.163  
67.166 67.167 67.169 67.17 67.171 67.172  
67.172 67.172 66.276 66.277 66.277 66.278  
66.28 66.281 66.283 66.285 66.288 66.292  
66.297 66.303 66.311 66.32 66.33 66.341  
66.352 66.364 66.377 66.389 66.401 66.414  
66.427 66.439 66.452 66.465 66.478 66.491  
66.504 66.517 66.53 66.543 66.556 66.569  
66.582 66.595 66.608 66.621 66.634 66.647  
66.66 66.673 66.686 66.699 66.712 66.725  
66.738 66.751 66.764 66.777 66.79 66.803  
66.815 66.828 66.841 66.853 66.866 66.879  
66.891 66.904 66.916 66.928 66.941 66.953  
66.965 66.977 66.99 67.002 67.014 67.026  
67.037 67.049 67.061 67.072 67.084 67.095  
67.106 67.117 67.127 67.136 67.144 67.151  
67.156 67.16 67.164 67.166 67.168 67.169  
67.17 67.171 67.172 67.172 67.173 67.173  
66.275 66.276 66.276 66.277 66.278 66.279  
66.28 66.282 66.284 66.287 66.292 66.298  
66.306 66.315 66.326 66.338 66.35 66.362  
66.375 66.388 66.4 66.413 66.426 66.439  
66.452 66.465 66.478 66.491 66.504 66.517  
66.53 66.543 66.556 66.569 66.582 66.595  
66.608 66.621 66.634 66.647 66.66 66.673  
66.686 66.699 66.712 66.725 66.738 66.751  
66.764 66.777 66.79 66.803 66.815 66.828  
66.841 66.853 66.866 66.879 66.891 66.904  
66.916 66.928 66.941 66.953 66.965 66.978  
66.99 67.002 67.014 67.026 67.038 67.05  
67.062 67.074 67.085 67.097 67.109 67.12  
67.13 67.14 67.149 67.156 67.161 67.165  
67.167 67.169 67.17 67.171 67.172 67.172  
67.173 67.173 67.173 67.174 66.275 66.275  
66.275 66.276 66.276 66.277 66.277 66.278  
66.28 66.282 66.285 66.291 66.299 66.31  
66.322 66.334 66.347 66.36 66.373 66.387  
66.4 66.413 66.426 66.439 66.452 66.465  
66.478 66.491 66.504 66.517 66.53 66.543  
66.556 66.569 66.582 66.595 66.608 66.621  
66.634 66.647 66.66 66.673 66.686 66.699  
66.712 66.725 66.738 66.751 66.764 66.777  
66.79 66.803 66.815 66.828 66.841 66.853  
66.866 66.879 66.891 66.904 66.916 66.928  
66.941 66.953 66.965 66.978 66.99 67.002  
67.014 67.026 67.039 67.051 67.063 67.075  
67.087 67.099 67.111 67.123 67.135 67.146  
67.155 67.162 67.167 67.17 67.172 67.172  
67.173 67.173 67.173 67.174 67.174 67.174  
67.174 67.174 66.274 66.274 66.274 66.274  
66.275 66.275 66.275 66.275 66.275 66.275  
66.278 66.283 66.292 66.304 66.317 66.331  
66.345 66.358 66.372 66.385 66.399 66.412  
66.425 66.438 66.452 66.465 66.478 66.491  
66.504 66.517 66.53 66.543 66.556 66.569  
66.582 66.595 66.608 66.621 66.634 66.647  
66.66 66.673 66.686 66.699 66.712 66.725  
66.738 66.751 66.764 66.777 66.79 66.803  
66.815 66.828 66.841 66.853 66.866 66.878  
66.891 66.903 66.916 66.928 66.941 66.953  
66.965 66.978 66.99 67.002 67.014 67.027  
67.039 67.051 67.064 67.076 67.088 67.101  
67.114 67.127 67.139 67.152 67.162 67.17  
67.175 67.176 67.176 67.176 67.175 67.175  
67.175 67.175 67.175 67.175 67.175 67.175  
66.273 66.273 66.274 66.274 66.273 66.273  
66.272 66.271 66.27 66.269 66.269 66.274  
66.283 66.297 66.312 66.327 66.342 66.357  
66.371 66.385 66.398 66.412 66.425 66.438  
66.451 66.465 66.478 66.491 66.504 66.517  
66.53 66.543 66.556 66.569 66.582 66.595  
66.608 66.621 66.634 66.647 66.66 66.673  
66.686 66.699 66.712 66.725 66.738 66.751  
66.764 66.777 66.79 66.802 66.815 66.828  
66.841 66.853 66.866 66.878 66.891 66.903  
66.916 66.928 66.941 66.953 66.965 66.978  
66.99 67.002 67.015 67.027 67.039 67.052  
67.064 67.077 67.09 67.103 67.116 67.13  
67.144 67.158 67.17 67.179 67.183 67.182  
67.181 67.179 67.178 67.177 67.176 67.175  
67.175 67.175 67.175 67.175 66.273 66.273  
66.273 66.273 66.273 66.272 66.271 66.269  
66.266 66.263 66.262 66.266 66.276 66.292  
66.309 66.325 66.341 66.356 66.37 66.384  
66.398 66.412 66.425 66.438 66.452 66.465  
66.478 66.491 66.504 66.517 66.53 66.543  
66.556 66.569 66.582 66.595 66.608 66.621  
66.634 66.647 66.66 66.673 66.686 66.699  
66.712 66.725 66.738 66.751 66.764 66.777  
66.79 66.802 66.815 66.828 66.841 66.853  
66.866 66.878 66.891 66.903 66.916 66.928  
66.941 66.953 66.965 66.978 66.99 67.002  
67.015 67.027 67.039 67.052 67.064 67.077  
67.09 67.104 67.118 67.132 67.147 67.163  
67.177 67.186 67.189 67.188 67.184 67.181  
67.179 67.177 67.176 67.176 67.175 67.175  
67.175 67.175 66.273 66.274 66.274 66.273  
66.273 66.272 66.271 66.269 66.265 66.262  
66.26 66.263 66.274 66.29 66.308 66.325  
66.341 66.356 66.37 66.385 66.398 66.412  
66.425 66.439 66.452 66.465 66.478 66.491  
66.504 66.517 66.53 66.543 66.556 66.569  
66.582 66.595 66.608 66.621 66.634 66.648  
66.661 66.674 66.686 66.699 66.712 66.725  
66.738 66.751 66.764 66.777 66.79 66.802  
66.815 66.828 66.84 66.853 66.866 66.878  
66.891 66.903 66.916 66.928 66.94 66.953  
66.965 66.977 66.99 67.002 67.014 67.027  
67.039 67.052 67.064 67.077 67.09 67.104  
67.118 67.133 67.149 67.165 67.18 67.189  
67.192 67.189 67.185 67.182 67.179 67.177  
67.176 67.176 67.175 67.175 67.175 67.175  
66.274 66.274 66.274 66.274 66.274 66.273  
66.272 66.27 66.267 66.264 66.263 66.267  
66.277 66.293 66.31 66.326 66.342 66.357  
66.371 66.385 66.399 66.412 66.426 66.439  
66.452 66.465 66.478 66.491 66.504 66.517  
66.53 66.543 66.556 66.569 66.583 66.596  
66.609 66.622 66.635 66.648 66.661 66.674  
66.687 66.699 66.712 66.725 66.738 66.751  
66.764 66.777 66.79 66.802 66.815 66.828  
66.84 66.853 66.866 66.878 66.891 66.903  
66.915 66.928 66.94 66.953 66.965 66.977  
66.989 67.002 67.014 67.026 67.039 67.051  
67.064 67.077 67.09 67.103 67.117 67.131  
67.147 67.162 67.176 67.186 67.189 67.187  
67.183 67.18 67.178 67.176 67.176 67.175  
67.174 67.174 67.174 67.174 66.275 66.275  
66.275 66.275 66.275 66.275 66.274 66.273  
66.272 66.271 66.271 66.276 66.285 66.299  
66.314 66.329 66.344 66.359 66.373 66.386  
66.4 66.413 66.426 66.44 66.453 66.466  
66.479 66.492 66.505 66.518 66.531 66.544  
66.557 66.57 66.583 66.596 66.609 66.622  
66.635 66.648 66.661 66.674 66.687 66.699  
66.712 66.725 66.738 66.751 66.764 66.777  
66.789 66.802 66.815 66.828 66.84 66.853  
66.865 66.878 66.89 66.903 66.915 66.928  
66.94 66.952 66.965 66.977 66.989 67.001  
67.014 67.026 67.038 67.05 67.063 67.076  
67.088 67.101 67.115 67.128 67.142 67.156  
67.169 67.177 67.181 67.181 67.179 67.177  
67.176 67.175 67.174 67.174 67.173 67.173  
67.173 67.173 66.276 66.277 66.277 66.277  
66.277 66.278 66.278 66.278 66.278 66.278  
66.281 66.286 66.295 66.306 66.32 66.334  
66.347 66.361 66.374 66.388 66.401 66.414  
66.427 66.44 66.453 66.466 66.479 66.492  
66.505 66.518 66.531 66.544 66.557 66.57  
66.583 66.596 66.609 66.622 66.635 66.648  
66.661 66.674 66.687 66.699 66.712 66.725  
66.738 66.751 66.764 66.777 66.789 66.802  
66.815 66.827 66.84 66.853 66.865 66.878  
66.89 66.903 66.915 66.927 66.94 66.952  
66.964 66.976 66.989 67.001 67.013 67.025  
67.037 67.05 67.062 67.074 67.087 67.099  
67.112 67.124 67.137 67.149 67.16 67.168  
67.172 67.174 67.174 67.173 67.173 67.172  
67.172 67.172 67.172 67.172 67.172 67.172  
66.278 66.278 66.279 66.279 66.28 66.28  
66.281 66.282 66.283 66.285 66.289 66.295  
66.303 66.314 66.325 66.338 66.351 66.364  
66.377 66.389 66.402 66.415 66.428 66.441  
66.454 66.467 66.48 66.492 66.505 66.518  
66.531 66.544 66.557 66.57 66.583 66.596  
66.609 66.622 66.635 66.648 66.661 66.674  
66.687 66.699 66.712 66.725 66.738 66.751  
66.764 66.777 66.789 66.802 66.815 66.827  
66.84 66.853 66.865 66.878 66.89 66.902  
66.915 66.927 66.939 66.952 66.964 66.976  
66.988 67.0 67.012 67.024 67.036 67.048  
67.06 67.072 67.084 67.097 67.108 67.12  
67.132 67.143 67.152 67.159 67.164 67.167  
67.168 67.169 67.17 67.17 67.17 67.17  
67.171 67.171 67.171 67.171 66.28 66.28  
66.281 66.281 66.282 66.283 66.285 66.286  
66.289 66.292 66.296 66.302 66.31 66.32  
66.331 66.342 66.354 66.366 66.379 66.391  
66.404 66.416 66.429 66.442 66.455 66.467  
66.48 66.493 66.506 66.519 66.531 66.544  
66.557 66.57 66.583 66.596 66.609 66.622  
66.635 66.648 66.661 66.674 66.687 66.7  
66.712 66.725 66.738 66.751 66.764 66.777  
66.789 66.802 66.815 66.827 66.84 66.852  
66.865 66.877 66.89 66.902 66.915 66.927  
66.939 66.951 66.963 66.976 66.988 67.0  
67.012 67.024 67.035 67.047 67.059 67.071  
67.082 67.094 67.105 67.116 67.127 67.137  
67.145 67.152 67.157 67.161 67.163 67.165  
67.166 67.167 67.168 67.169 67.169 67.17  
67.17 67.17 66.281 66.282 66.282 66.283  
66.285 66.286 66.288 66.29 66.293 66.297  
66.302 66.308 66.316 66.325 66.335 66.346  
66.357 66.369 66.381 66.393 66.405 66.418  
66.43 66.443 66.455 66.468 66.481 66.493  
66.506 66.519 66.532 66.545 66.557 66.57  
66.583 66.596 66.609 66.622 66.635 66.648  
66.661 66.674 66.687 66.7 66.712 66.725  
66.738 66.751 66.764 66.776 66.789 66.802  
66.815 66.827 66.84 66.852 66.865 66.877  
66.89 66.902 66.914 66.927 66.939 66.951  
66.963 66.975 66.987 66.999 67.011 67.023  
67.034 67.046 67.058 67.069 67.08 67.091  
67.102 67.113 67.123 67.132 67.14 67.146  
67.152 67.156 67.159 67.161 67.163 67.165  
67.166 67.167 67.168 67.168 67.169 67.169  
66.283 66.283 66.284 66.286 66.287 66.289  
66.291 66.294 66.297 66.302 66.307 66.313  
66.321 66.33 66.339 66.349 66.36 66.371  
66.383 66.395 66.407 66.419 66.431 66.444  
66.456 66.469 66.481 66.494 66.507 66.519  
66.532 66.545 66.558 66.571 66.583 66.596  
66.609 66.622 66.635 66.648 66.661 66.674  
66.687 66.7 66.712 66.725 66.738 66.751  
66.764 66.776 66.789 66.802 66.814 66.827  
66.84 66.852 66.865 66.877 66.889 66.902  
66.914 66.926 66.938 66.951 66.963 66.975  
66.987 66.998 67.01 67.022 67.033 67.045  
67.056 67.067 67.078 67.089 67.099 67.109  
67.119 67.127 67.135 67.142 67.147 67.152  
67.155 67.158 67.16 67.162 67.164 67.165  
67.166 67.167 67.167 67.168 66.285 66.285  
66.286 66.287 66.289 66.291 66.294 66.297  
66.301 66.305 66.311 66.317 66.325 66.333  
66.342 66.352 66.363 66.374 66.385 66.396  
66.408 66.42 66.432 66.444 66.457 66.469  
66.482 66.494 66.507 66.52 66.532 66.545  
66.558 66.571 66.584 66.596 66.609 66.622  
66.635 66.648 66.661 66.674 66.687 66.7  
66.712 66.725 66.738 66.751 66.764 66.776  
66.789 66.802 66.814 66.827 66.84 66.852  
66.865 66.877 66.889 66.902 66.914 66.926  
66.938 66.95 66.962 66.974 66.986 66.998  
67.009 67.021 67.032 67.044 67.055 67.066  
67.076 67.087 67.097 67.107 67.116 67.124  
67.131 67.138 67.143 67.148 67.152 67.155  
67.158 67.16 67.162 67.163 67.165 67.165  
67.166 67.166 66.286 66.287 66.288 66.289  
66.291 66.293 66.296 66.3 66.304 66.309  
66.314 66.321 66.328 66.336 66.345 66.355  
66.365 66.375 66.386 66.398 66.409 66.421  
66.433 66.445 66.457 66.47 66.482 66.495  
66.507 66.52 66.533 66.545 66.558 66.571  
66.584 66.597 66.609 66.622 66.635 66.648  
66.661 66.674 66.687 66.7 66.712 66.725  
66.738 66.751 66.764 66.776 66.789 66.802  
66.814 66.827 66.839 66.852 66.864 66.877  
66.889 66.901 66.914 66.926 66.938 66.95  
66.962 66.974 66.986 66.997 67.009 67.02  
67.032 67.043 67.054 67.064 67.075 67.085  
67.095 67.104 67.113 67.121 67.128 67.135  
67.14 67.145 67.149 67.153 67.156 67.158  
67.16 67.162 67.163 67.164 67.165 67.165  
66.287 66.288 66.289 66.291 66.293 66.295  
66.298 66.302 66.306 66.311 66.317 66.323  
66.33 66.338 66.347 66.357 66.367 66.377  
66.388 66.399 66.41 66.422 66.434 66.446  
66.458 66.47 66.482 66.495 66.507 66.52  
66.533 66.545 66.558 66.571 66.584 66.597  
66.609 66.622 66.635 66.648 66.661 66.674  
66.687 66.7 66.712 66.725 66.738 66.751  
66.764 66.776 66.789 66.802 66.814 66.827  
66.839 66.852 66.864 66.877 66.889 66.901  
66.914 66.926 66.938 66.95 66.962 66.973  
66.985 66.997 67.008 67.02 67.031 67.042  
67.053 67.063 67.074 67.084 67.093 67.102  
67.111 67.119 67.126 67.132 67.138 67.143  
67.147 67.151 67.154 67.157 67.159 67.161  
67.162 67.163 67.164 67.165 66.288 66.289  
66.29 66.292 66.294 66.296 66.3 66.303  
66.308 66.313 66.318 66.325 66.332 66.34  
66.349 66.358 66.368 66.378 66.389 66.4  
66.411 66.422 66.434 66.446 66.458 66.47  
66.483 66.495 66.508 66.52 66.533 66.546  
66.558 66.571 66.584 66.597 66.61 66.622  
66.635 66.648 66.661 66.674 66.687 66.7  
66.712 66.725 66.738 66.751 66.764 66.776  
66.789 66.802 66.814 66.827 66.839 66.852  
66.864 66.877 66.889 66.901 66.913 66.926  
66.938 66.95 66.961 66.973 66.985 66.996  
67.008 67.019 67.03 67.041 67.052 67.063  
67.073 67.083 67.092 67.101 67.109 67.117  
67.124 67.131 67.136 67.141 67.146 67.15  
67.153 67.156 67.158 67.16 67.161 67.163  
67.164 67.164 66.288 66.289 66.29 66.292  
66.294 66.297 66.3 66.304 66.308 66.313  
66.319 66.326 66.333 66.341 66.349 66.359  
66.368 66.379 66.389 66.4 66.411 66.423  
66.434 66.446 66.458 66.471 66.483 66.495  
66.508 66.52 66.533 66.546 66.558 66.571  
66.584 66.597 66.61 66.622 66.635 66.648  
66.661 66.674 66.687 66.7 66.712 66.725  
66.738 66.751 66.764 66.776 66.789 66.802  
66.814 66.827 66.839 66.852 66.864 66.877  
66.889 66.901 66.913 66.925 66.937 66.949  
66.961 66.973 66.985 66.996 67.008 67.019  
67.03 67.041 67.052 67.062 67.072 67.082  
67.091 67.1 67.109 67.116 67.124 67.13  
67.136 67.141 67.145 67.149 67.152 67.155  
67.158 67.159 67.161 67.162 67.163 67.164  
