-996 23 15.443702360818879 15.443702360818879
85382.0536034684 85638.0536034684 74279.4513965316 74535.4513965316
23 41.10815495644529 85382.0536034684 74279.4513965316
0 0 0 0 0 0 0
67.195 67.195 67.195 67.195 67.195 67.195  
67.195 67.195 67.195 67.195 67.195 67.195  
67.195 67.195 67.195 67.195 67.195 67.195  
67.195 67.195 67.195 67.195 67.195 67.195  
67.195 67.195 67.195 67.195 67.195 67.195  
67.195 67.195 67.195 67.195 67.195 67.195  
67.195 67.195 67.195 67.195 67.195 67.195  
67.195 67.195 67.195 67.195 67.195 67.195  
67.195 67.195 67.195 67.195 67.195 67.195  
67.195 67.195 67.195 67.195 67.195 67.195  
67.195 67.195 67.195 67.195 67.195 67.195  
67.195 67.195 67.195 67.195 67.195 67.195  
67.195 67.195 67.195 67.195 67.195 67.195  
67.195 67.195 67.195 67.195 67.195 67.195  
67.195 67.195 67.195 67.195 67.195 67.195  
67.195 67.195 67.195 67.195 67.195 67.195  
67.195 67.195 67.195 67.195 67.195 67.195  
67.195 67.195 67.195 67.195 67.195 67.195  
67.195 67.195 67.195 67.195 67.195 67.195  
67.195 67.195 67.195 67.195 67.195 67.195  
67.195 67.195 67.195 67.195 67.195 67.195  
67.195 67.195 67.195 67.195 67.195 67.195  
67.195 67.195 67.195 67.195 67.195 67.195  
67.195 67.195 67.195 67.195 67.195 67.195  
67.195 67.195 67.195 67.195 67.195 67.195  
67.195 67.195 67.195 67.195 67.195 67.195  
67.195 67.195 67.195 67.195 67.195 67.195  
67.195 67.195 67.195 67.195 67.195 67.195  
67.195 67.195 67.195 67.195 67.195 67.195  
67.195 67.195 67.195 67.195 67.195 67.195  
67.195 67.195 67.195 67.195 67.195 67.195  
67.195 67.195 67.195 67.195 67.195 67.195  
67.195 67.195 67.195 67.195 67.195 67.195  
67.195 67.195 67.195 67.195 67.195 67.195  
67.195 67.195 67.195 67.195 67.195 67.195  
67.195 67.195 67.195 67.195 67.195 67.195  
67.195 67.195 67.195 67.195 67.195 67.195  
67.195 67.195 67.195 67.195 67.195 67.195  
67.195 67.195 67.195 67.195 67.195 67.195  
67.195 67.195 67.195 67.195 67.195 67.195  
67.195 67.195 67.195 67.195 67.195 67.195  
67.195 67.195 67.195 67.195 67.195 67.195  
67.195 67.195 67.195 67.195 67.195 67.195  
67.195 67.195 67.195 67.195 67.195 67.195  
67.195 67.195 67.195 67.195 67.195 67.195  
67.195 67.195 67.195 67.195 67.195 67.195  
67.195 67.195 67.195 67.195 67.195 67.195  
67.195 67.195 67.195 67.195 67.195 67.195  
67.195 67.195 67.195 67.195 67.195 67.195  
67.195 67.195 67.195 67.195 67.195 67.195  
67.195 67.195 67.195 67.195 67.195 67.195  
67.195 67.195 67.195 67.195 67.195 67.195  
67.195 67.195 67.195 67.195 67.195 67.195  
67.195 67.195 67.195 67.195 67.195 67.195  
67.195 67.195 67.195 67.195 67.195 67.195  
67.195 67.195 67.195 67.195 67.195 67.195  
67.195 67.195 67.195 67.195 67.195 67.195  
67.195 67.195 67.195 67.195 67.195 67.195  
67.195 67.195 67.195 67.195 67.195 67.195  
67.195 67.195 67.195 67.195 67.195 67.195  
67.195 67.195 67.195 67.195 67.195 67.195  
67.195 67.195 67.195 67.195 67.195 67.195  
67.195 67.195 67.195 67.195 67.195 67.195  
67.195 67.195 67.195 67.195 67.195 67.195  
67.195 67.195 67.195 67.195 67.195 67.195  
67.195 67.195 67.195 67.195 67.195 67.195  
67.195 67.195 67.195 67.195 67.195 67.195  
67.195 67.195 67.195 67.195 67.195 67.195  
67.195 67.195 67.195 67.195 67.195 67.195  
67.195 67.195 67.195 67.195 67.195 67.195  
67.195 67.195 67.195 67.195 67.195 67.195  
67.195 67.195 67.195 67.195 67.195 67.195  
67.195 67.195 67.195 67.195 67.195 67.195  
67.195 67.195 67.195 67.195 67.195 67.195  
67.195 67.195 67.195 67.195 67.195 67.195  
67.195 67.195 67.195 67.195 67.195 67.195  
67.195 67.195 67.195 67.195 67.195 67.195  
67.195 67.195 67.195 67.195 67.195 67.195  
67.195 67.195 67.195 67.195 67.195 67.195  
67.195 67.195 67.195 67.195 67.195 67.195  
67.195 67.195 67.195 67.195 67.195 67.195  
67.195 67.195 67.195 67.195 67.195 67.195  
67.195 67.195 67.195 67.195 67.195 67.195  
67.195 67.195 67.195 67.195 67.195 67.195  
67.195 67.195 67.195 67.195 67.195 67.195  
67.195 67.195 67.195 67.195 67.195 67.195  
67.195 67.195 67.195 67.195 67.195 67.195  
67.195 67.195 67.195 67.195 67.195 67.195  
67.195  
