-996 28 15.07747183919222 15.17502382137509
84369.85101174859 85984.81181529856 75244.13416527593 75530.97116747794
154 -45.567306929664824 84369.85101174859 75244.13416527593
0 0 0 0 0 0 0
30.996 30.997 30.999 31.002 31.005 31.009  
31.013 31.019 31.025 31.032 31.041 31.05  
31.061 31.074 31.087 31.102 31.117 31.134  
31.151 31.169 31.187 31.206 31.225 31.244  
31.263 31.283 31.302 31.322 31.342 31.361  
31.381 31.401 31.42 31.439 31.458 31.477  
31.496 31.514 31.533 31.551 31.569 31.586  
31.603 31.62 31.637 31.653 31.669 31.685  
31.7 31.715 31.729 31.743 31.757 31.77  
31.783 31.795 31.807 31.818 31.829 31.839  
31.848 31.857 31.865 31.873 31.88 31.886  
31.891 31.895 31.898 31.901 31.902 31.901  
31.899 31.896 31.891 31.883 31.873 31.861  
31.845 31.826 31.804 31.777 31.747 31.712  
31.674 31.631 31.586 31.537 31.485 31.431  
31.375 31.317 31.257 31.196 31.134 31.07  
31.006 30.941 30.875 30.809 30.742 30.674  
30.607 30.539 30.471 30.403 30.334 30.265  
30.197 30.128 30.059 29.99 29.922 29.853  
29.784 29.716 29.647 29.579 29.511 29.443  
29.375 29.308 29.241 29.174 29.107 29.041  
28.976 28.911 28.846 28.783 28.72 28.659  
28.599 28.541 28.484 28.43 28.379 28.33  
28.285 28.244 28.208 28.175 28.147 28.122  
28.101 28.083 28.068 28.055 28.044 28.036  
28.029 28.023 28.02 28.018 30.996 30.997  
30.999 31.001 31.004 31.008 31.013 31.018  
31.024 31.031 31.04 31.049 31.06 31.072  
31.086 31.101 31.116 31.133 31.15 31.168  
31.186 31.205 31.224 31.243 31.263 31.283  
31.302 31.322 31.342 31.361 31.381 31.4  
31.42 31.439 31.458 31.477 31.496 31.514  
31.533 31.551 31.569 31.586 31.603 31.62  
31.637 31.653 31.669 31.685 31.7 31.715  
31.729 31.743 31.757 31.77 31.783 31.795  
31.807 31.818 31.829 31.839 31.848 31.857  
31.866 31.873 31.88 31.886 31.892 31.896  
31.899 31.902 31.903 31.903 31.901 31.898  
31.893 31.886 31.876 31.864 31.849 31.83  
31.808 31.782 31.751 31.717 31.678 31.635  
31.59 31.54 31.488 31.434 31.378 31.319  
31.259 31.198 31.135 31.072 31.007 30.942  
30.876 30.809 30.742 30.675 30.607 30.539  
30.471 30.403 30.334 30.266 30.197 30.128  
30.059 29.991 29.922 29.853 29.785 29.716  
29.648 29.579 29.511 29.443 29.375 29.308  
29.241 29.174 29.107 29.041 28.975 28.91  
28.846 28.782 28.719 28.657 28.597 28.538  
28.482 28.427 28.375 28.326 28.281 28.24  
28.203 28.171 28.143 28.118 28.098 28.08  
28.065 28.053 28.043 28.034 28.027 28.022  
28.019 28.017 30.995 30.996 30.998 31.0  
31.003 31.007 31.011 31.016 31.022 31.029  
31.037 31.047 31.057 31.07 31.083 31.098  
31.114 31.131 31.148 31.167 31.185 31.204  
31.223 31.243 31.262 31.282 31.302 31.322  
31.341 31.361 31.381 31.4 31.42 31.439  
31.458 31.477 31.496 31.514 31.532 31.55  
31.568 31.586 31.603 31.62 31.637 31.653  
31.669 31.684 31.7 31.715 31.729 31.743  
31.757 31.77 31.783 31.795 31.807 31.818  
31.829 31.839 31.848 31.858 31.866 31.874  
31.881 31.887 31.893 31.897 31.901 31.904  
31.906 31.906 31.905 31.902 31.898 31.891  
31.882 31.871 31.856 31.838 31.816 31.79  
31.76 31.725 31.686 31.643 31.597 31.547  
31.495 31.44 31.382 31.323 31.263 31.201  
31.138 31.074 31.009 30.943 30.877 30.811  
30.744 30.676 30.608 30.54 30.472 30.403  
30.335 30.266 30.197 30.129 30.06 29.991  
29.922 29.854 29.785 29.716 29.648 29.579  
29.511 29.443 29.375 29.308 29.24 29.173  
29.106 29.04 28.974 28.909 28.844 28.78  
28.717 28.654 28.594 28.534 28.477 28.421  
28.368 28.319 28.273 28.232 28.195 28.163  
28.135 28.111 28.091 28.075 28.06 28.049  
28.039 28.031 28.025 28.02 28.017 28.016  
30.994 30.995 30.997 30.999 31.002 31.005  
31.009 31.013 31.019 31.026 31.033 31.043  
31.054 31.066 31.08 31.095 31.111 31.128  
31.146 31.165 31.184 31.203 31.222 31.242  
31.262 31.281 31.301 31.321 31.341 31.361  
31.38 31.4 31.419 31.439 31.458 31.477  
31.495 31.514 31.532 31.55 31.568 31.586  
31.603 31.62 31.636 31.653 31.669 31.684  
31.699 31.714 31.729 31.743 31.756 31.77  
31.782 31.795 31.807 31.818 31.829 31.839  
31.849 31.858 31.867 31.875 31.882 31.889  
31.894 31.9 31.904 31.907 31.909 31.91  
31.91 31.908 31.905 31.899 31.891 31.881  
31.867 31.85 31.829 31.803 31.773 31.738  
31.699 31.655 31.607 31.557 31.503 31.447  
31.389 31.329 31.268 31.205 31.142 31.077  
31.012 30.946 30.879 30.812 30.745 30.677  
30.609 30.541 30.473 30.404 30.336 30.267  
30.198 30.129 30.06 29.992 29.923 29.854  
29.785 29.717 29.648 29.58 29.511 29.443  
29.375 29.308 29.24 29.173 29.106 29.039  
28.973 28.907 28.842 28.777 28.713 28.65  
28.589 28.528 28.469 28.413 28.359 28.308  
28.262 28.219 28.182 28.15 28.123 28.101  
28.082 28.067 28.054 28.043 28.034 28.027  
28.022 28.018 28.015 28.013 30.993 30.994  
30.995 30.997 31.0 31.003 31.006 31.01  
31.015 31.021 31.029 31.038 31.048 31.061  
31.075 31.091 31.108 31.125 31.144 31.162  
31.182 31.201 31.221 31.241 31.261 31.281  
31.301 31.321 31.341 31.36 31.38 31.4  
31.419 31.438 31.457 31.476 31.495 31.514  
31.532 31.55 31.568 31.585 31.602 31.619  
31.636 31.652 31.668 31.684 31.699 31.714  
31.728 31.743 31.756 31.769 31.782 31.795  
31.807 31.818 31.829 31.839 31.849 31.859  
31.868 31.876 31.883 31.89 31.897 31.902  
31.907 31.911 31.914 31.915 31.916 31.915  
31.913 31.909 31.902 31.893 31.881 31.865  
31.845 31.82 31.79 31.755 31.714 31.67  
31.621 31.569 31.514 31.457 31.398 31.337  
31.274 31.211 31.146 31.081 31.015 30.949  
30.882 30.815 30.747 30.679 30.611 30.542  
30.474 30.405 30.337 30.268 30.199 30.13  
30.061 29.992 29.923 29.854 29.786 29.717  
29.648 29.58 29.512 29.443 29.375 29.307  
29.24 29.172 29.105 29.038 28.971 28.905  
28.839 28.774 28.709 28.645 28.582 28.521  
28.46 28.402 28.347 28.295 28.246 28.203  
28.166 28.134 28.108 28.087 28.07 28.056  
28.045 28.036 28.029 28.023 28.018 28.014  
28.012 28.011 30.992 30.993 30.994 30.995  
30.997 31.0 31.003 31.006 31.011 31.016  
31.023 31.031 31.042 31.055 31.069 31.086  
31.103 31.121 31.14 31.16 31.179 31.199  
31.22 31.24 31.26 31.28 31.3 31.32  
31.34 31.36 31.38 31.399 31.419 31.438  
31.457 31.476 31.495 31.513 31.532 31.55  
31.568 31.585 31.602 31.619 31.636 31.652  
31.668 31.684 31.699 31.714 31.728 31.742  
31.756 31.769 31.782 31.795 31.807 31.818  
31.829 31.84 31.85 31.859 31.869 31.877  
31.885 31.892 31.899 31.905 31.911 31.915  
31.919 31.922 31.923 31.924 31.923 31.92  
31.915 31.908 31.897 31.883 31.865 31.841  
31.811 31.775 31.734 31.688 31.638 31.584  
31.527 31.468 31.407 31.345 31.282 31.217  
31.152 31.086 31.019 30.952 30.885 30.817  
30.749 30.681 30.612 30.544 30.475 30.406  
30.337 30.269 30.2 30.131 30.062 29.993  
29.924 29.855 29.786 29.717 29.649 29.58  
29.512 29.444 29.375 29.307 29.239 29.172  
29.104 29.037 28.97 28.903 28.836 28.77  
28.705 28.64 28.575 28.512 28.45 28.39  
28.332 28.277 28.227 28.183 28.145 28.114  
28.09 28.071 28.056 28.044 28.035 28.028  
28.022 28.017 28.014 28.011 28.009 28.008  
30.991 30.991 30.992 30.993 30.995 30.997  
30.999 31.002 31.005 31.01 31.016 31.024  
31.034 31.047 31.062 31.079 31.098 31.117  
31.137 31.157 31.177 31.198 31.218 31.238  
31.259 31.279 31.3 31.32 31.34 31.36  
31.38 31.399 31.419 31.438 31.457 31.476  
31.495 31.513 31.532 31.55 31.567 31.585  
31.602 31.619 31.635 31.652 31.668 31.683  
31.699 31.713 31.728 31.742 31.756 31.769  
31.782 31.795 31.807 31.818 31.83 31.84  
31.851 31.86 31.87 31.879 31.887 31.895  
31.902 31.908 31.914 31.92 31.924 31.928  
31.931 31.933 31.934 31.933 31.93 31.925  
31.917 31.905 31.888 31.866 31.836 31.8  
31.758 31.71 31.657 31.601 31.542 31.481  
31.419 31.355 31.29 31.224 31.158 31.091  
31.023 30.956 30.888 30.82 30.751 30.683  
30.614 30.545 30.476 30.408 30.339 30.27  
30.201 30.131 30.062 29.993 29.925 29.856  
29.787 29.718 29.649 29.581 29.512 29.444  
29.375 29.307 29.239 29.171 29.103 29.036  
28.968 28.901 28.834 28.767 28.7 28.634  
28.568 28.503 28.438 28.375 28.315 28.257  
28.204 28.158 28.119 28.089 28.067 28.051  
28.039 28.03 28.024 28.019 28.015 28.011  
28.009 28.007 28.006 28.005 30.989 30.99  
30.991 30.991 30.993 30.994 30.995 30.997  
30.999 31.003 31.007 31.014 31.024 31.037  
31.054 31.072 31.092 31.112 31.133 31.154  
31.175 31.196 31.217 31.237 31.258 31.279  
31.299 31.319 31.339 31.359 31.379 31.399  
31.419 31.438 31.457 31.476 31.495 31.513  
31.531 31.549 31.567 31.585 31.602 31.619  
31.635 31.652 31.668 31.683 31.698 31.713  
31.728 31.742 31.756 31.769 31.782 31.795  
31.807 31.819 31.83 31.841 31.851 31.861  
31.871 31.88 31.889 31.897 31.905 31.912  
31.919 31.925 31.93 31.935 31.94 31.943  
31.946 31.947 31.947 31.945 31.94 31.931  
31.917 31.896 31.867 31.83 31.786 31.735  
31.68 31.621 31.559 31.496 31.431 31.365  
31.298 31.231 31.164 31.096 31.028 30.96  
30.891 30.822 30.754 30.685 30.616 30.547  
30.478 30.409 30.34 30.271 30.201 30.132  
30.063 29.994 29.925 29.856 29.787 29.719  
29.65 29.581 29.513 29.444 29.376 29.307  
29.239 29.171 29.103 29.035 28.967 28.899  
28.831 28.763 28.695 28.628 28.56 28.493  
28.426 28.36 28.295 28.233 28.176 28.127  
28.087 28.058 28.039 28.027 28.02 28.015  
28.011 28.009 28.007 28.006 28.005 28.004  
28.003 28.003 30.988 30.989 30.989 30.99  
30.99 30.991 30.991 30.992 30.993 30.994  
30.997 31.003 31.012 31.026 31.044 31.064  
31.085 31.107 31.129 31.151 31.173 31.194  
31.215 31.236 31.257 31.278 31.299 31.319  
31.339 31.359 31.379 31.399 31.418 31.438  
31.457 31.476 31.495 31.513 31.531 31.549  
31.567 31.584 31.602 31.618 31.635 31.651  
31.667 31.683 31.698 31.713 31.728 31.742  
31.756 31.769 31.782 31.795 31.807 31.819  
31.83 31.841 31.852 31.862 31.872 31.881  
31.89 31.899 31.907 31.915 31.923 31.93  
31.936 31.943 31.949 31.954 31.959 31.963  
31.965 31.967 31.965 31.96 31.95 31.931  
31.904 31.866 31.819 31.764 31.705 31.642  
31.577 31.511 31.444 31.376 31.307 31.239  
31.17 31.101 31.032 30.963 30.894 30.825  
30.756 30.687 30.618 30.548 30.479 30.41  
30.341 30.272 30.202 30.133 30.064 29.995  
29.926 29.857 29.788 29.719 29.651 29.582  
29.513 29.445 29.376 29.308 29.239 29.171  
29.103 29.034 28.966 28.897 28.829 28.76  
28.691 28.622 28.553 28.483 28.413 28.343  
28.274 28.206 28.143 28.089 28.047 28.021  
28.007 28.001 27.999 27.999 27.999 28.0  
28.0 28.001 28.001 28.001 28.001 28.001  
30.988 30.988 30.988 30.988 30.988 30.988  
30.988 30.987 30.986 30.985 30.986 30.989  
30.997 31.012 31.032 31.055 31.079 31.102  
31.125 31.148 31.171 31.193 31.214 31.236  
31.257 31.278 31.298 31.319 31.339 31.359  
31.379 31.399 31.418 31.438 31.457 31.476  
31.494 31.513 31.531 31.549 31.567 31.584  
31.601 31.618 31.635 31.651 31.667 31.683  
31.698 31.713 31.727 31.742 31.756 31.769  
31.782 31.795 31.807 31.819 31.831 31.842  
31.853 31.863 31.873 31.883 31.892 31.901  
31.91 31.918 31.927 31.934 31.942 31.95  
31.957 31.965 31.972 31.978 31.985 31.99  
31.993 31.994 31.988 31.974 31.948 31.908  
31.857 31.797 31.733 31.665 31.596 31.527  
31.456 31.386 31.316 31.246 31.176 31.106  
31.036 30.967 30.897 30.828 30.758 30.689  
30.619 30.55 30.48 30.411 30.342 30.273  
30.203 30.134 30.065 29.996 29.927 29.858  
29.789 29.72 29.651 29.583 29.514 29.445  
29.377 29.308 29.24 29.171 29.103 29.034  
28.965 28.896 28.827 28.758 28.688 28.617  
28.546 28.474 28.401 28.327 28.252 28.177  
28.106 28.043 27.999 27.975 27.969 27.972  
27.978 27.983 27.988 27.992 27.995 27.997  
27.998 27.999 28.0 28.0 30.987 30.988  
30.988 30.988 30.987 30.986 30.985 30.983  
30.98 30.977 30.974 30.973 30.98 30.997  
31.02 31.046 31.073 31.098 31.123 31.146  
31.169 31.192 31.214 31.235 31.257 31.278  
31.298 31.319 31.339 31.359 31.379 31.399  
31.419 31.438 31.457 31.476 31.494 31.513  
31.531 31.549 31.567 31.584 31.601 31.618  
31.635 31.651 31.667 31.683 31.698 31.713  
31.727 31.741 31.755 31.769 31.782 31.795  
31.807 31.819 31.831 31.842 31.853 31.864  
31.874 31.884 31.893 31.903 31.912 31.921  
31.93 31.939 31.948 31.956 31.965 31.975  
31.984 31.994 32.004 32.014 32.023 32.031  
32.033 32.025 32.001 31.959 31.901 31.835  
31.763 31.689 31.616 31.542 31.469 31.396  
31.324 31.252 31.181 31.111 31.04 30.97  
30.9 30.83 30.76 30.69 30.621 30.551  
30.482 30.412 30.343 30.274 30.204 30.135  
30.066 29.997 29.928 29.859 29.79 29.721  
29.652 29.584 29.515 29.446 29.378 29.309  
29.241 29.172 29.103 29.035 28.966 28.896  
28.827 28.757 28.686 28.614 28.542 28.468  
28.392 28.314 28.233 28.149 28.066 27.994  
27.944 27.925 27.93 27.944 27.959 27.971  
27.98 27.986 27.991 27.995 27.997 27.999  
28.0 28.001 30.988 30.988 30.988 30.987  
30.987 30.986 30.984 30.981 30.977 30.971  
30.964 30.96 30.966 30.984 31.01 31.04  
31.069 31.096 31.121 31.145 31.169 31.192  
31.214 31.235 31.257 31.278 31.299 31.319  
31.34 31.36 31.38 31.399 31.419 31.438  
31.457 31.476 31.495 31.513 31.531 31.549  
31.567 31.584 31.601 31.618 31.635 31.651  
31.667 31.682 31.698 31.712 31.727 31.741  
31.755 31.769 31.782 31.795 31.807 31.819  
31.831 31.842 31.853 31.864 31.874 31.885  
31.895 31.904 31.914 31.923 31.933 31.942  
31.952 31.962 31.972 31.983 31.995 32.008  
32.022 32.037 32.054 32.07 32.083 32.085  
32.065 32.019 31.952 31.874 31.793 31.713  
31.633 31.556 31.48 31.405 31.331 31.258  
31.186 31.114 31.043 30.972 30.902 30.832  
30.762 30.692 30.622 30.552 30.483 30.413  
30.344 30.274 30.205 30.136 30.067 29.998  
29.929 29.86 29.791 29.722 29.654 29.585  
29.516 29.448 29.379 29.311 29.242 29.173  
29.105 29.036 28.967 28.897 28.827 28.757  
28.686 28.614 28.54 28.465 28.387 28.306  
28.22 28.129 28.035 27.952 27.898 27.883  
27.899 27.924 27.946 27.963 27.976 27.984  
27.991 27.995 27.998 28.0 28.002 28.002  
30.989 30.989 30.989 30.988 30.988 30.986  
30.984 30.981 30.976 30.969 30.961 30.956  
30.961 30.979 31.007 31.038 31.068 31.096  
31.121 31.146 31.169 31.192 31.214 31.236  
31.257 31.278 31.299 31.32 31.34 31.36  
31.38 31.399 31.419 31.438 31.457 31.476  
31.495 31.513 31.531 31.549 31.567 31.584  
31.601 31.618 31.634 31.651 31.667 31.682  
31.697 31.712 31.727 31.741 31.755 31.768  
31.782 31.794 31.807 31.819 31.831 31.842  
31.853 31.864 31.875 31.885 31.895 31.905  
31.915 31.925 31.935 31.945 31.955 31.966  
31.977 31.99 32.004 32.019 32.037 32.057  
32.082 32.109 32.136 32.15 32.136 32.084  
32.005 31.913 31.821 31.733 31.648 31.567  
31.488 31.411 31.336 31.262 31.189 31.117  
31.045 30.974 30.903 30.833 30.763 30.693  
30.623 30.553 30.484 30.414 30.345 30.275  
30.206 30.137 30.068 29.999 29.93 29.861  
29.792 29.723 29.655 29.586 29.518 29.449  
29.381 29.312 29.244 29.175 29.106 29.038  
28.969 28.899 28.829 28.759 28.688 28.615  
28.542 28.466 28.387 28.305 28.217 28.123  
28.025 27.937 27.881 27.869 27.889 27.919  
27.945 27.964 27.977 27.987 27.993 27.998  
28.001 28.004 28.005 28.006 30.99 30.99  
30.99 30.99 30.99 30.988 30.987 30.984  
30.979 30.973 30.967 30.963 30.969 30.986  
31.013 31.043 31.071 31.098 31.124 31.148  
31.171 31.193 31.216 31.237 31.258 31.279  
31.3 31.32 31.341 31.361 31.38 31.4  
31.419 31.438 31.457 31.476 31.495 31.513  
31.531 31.549 31.567 31.584 31.601 31.618  
31.634 31.65 31.666 31.682 31.697 31.712  
31.727 31.741 31.755 31.768 31.781 31.794  
31.807 31.819 31.83 31.842 31.853 31.864  
31.875 31.885 31.895 31.905 31.915 31.926  
31.936 31.946 31.957 31.968 31.981 31.994  
32.009 32.026 32.047 32.071 32.102 32.139  
32.175 32.195 32.198 32.14 32.047 31.943  
31.841 31.746 31.658 31.574 31.493 31.415  
31.339 31.265 31.191 31.119 31.047 30.975  
30.904 30.834 30.764 30.693 30.624 30.554  
30.484 30.415 30.345 30.276 30.207 30.138  
30.069 30.0 29.931 29.862 29.793 29.725  
29.656 29.588 29.519 29.451 29.382 29.314  
29.246 29.177 29.109 29.04 28.971 28.902  
28.833 28.763 28.692 28.62 28.547 28.472  
28.394 28.313 28.228 28.137 28.043 27.96  
27.906 27.892 27.908 27.933 27.956 27.973  
27.985 27.993 28.0 28.004 28.007 28.009  
28.01 28.011 30.993 30.993 30.993 30.993  
30.993 30.992 30.991 30.989 30.986 30.982  
30.979 30.979 30.986 31.002 31.025 31.052  
31.078 31.103 31.127 31.151 31.173 31.196  
31.217 31.239 31.26 31.28 31.301 31.321  
31.341 31.361 31.381 31.4 31.42 31.439  
31.458 31.476 31.495 31.513 31.531 31.549  
31.567 31.584 31.601 31.618 31.634 31.65  
31.666 31.682 31.697 31.712 31.726 31.74  
31.754 31.768 31.781 31.794 31.806 31.818  
31.83 31.842 31.853 31.864 31.874 31.885  
31.895 31.905 31.915 31.925 31.936 31.946  
31.957 31.969 31.981 31.995 32.01 32.028  
32.05 32.076 32.108 32.149 32.182 32.205  
32.21 32.163 32.064 31.953 31.847 31.75  
31.66 31.576 31.495 31.416 31.34 31.265  
31.192 31.119 31.047 30.976 30.905 30.834  
30.764 30.694 30.624 30.554 30.485 30.415  
30.346 30.277 30.208 30.139 30.07 30.001  
29.932 29.863 29.795 29.726 29.658 29.589  
29.521 29.453 29.384 29.316 29.248 29.18  
29.112 29.044 28.975 28.906 28.837 28.768  
28.698 28.627 28.555 28.482 28.407 28.329  
28.249 28.165 28.083 28.01 27.961 27.943  
27.948 27.963 27.977 27.989 27.998 28.004  
28.009 28.012 28.014 28.016 28.017 28.017  
30.995 30.996 30.996 30.996 30.996 30.996  
30.996 30.995 30.994 30.994 30.994 30.996  
31.005 31.02 31.04 31.063 31.086 31.109  
31.132 31.155 31.177 31.198 31.219 31.24  
31.261 31.282 31.302 31.322 31.342 31.362  
31.382 31.401 31.42 31.439 31.458 31.477  
31.495 31.513 31.531 31.549 31.567 31.584  
31.601 31.618 31.634 31.65 31.666 31.681  
31.697 31.711 31.726 31.74 31.754 31.767  
31.78 31.793 31.806 31.818 31.829 31.841  
31.852 31.863 31.874 31.884 31.894 31.904  
31.914 31.924 31.934 31.945 31.955 31.967  
31.979 31.992 32.007 32.025 32.045 32.069  
32.099 32.136 32.174 32.194 32.196 32.138  
32.045 31.94 31.838 31.744 31.656 31.572  
31.492 31.414 31.338 31.264 31.19 31.118  
31.046 30.975 30.904 30.834 30.764 30.694  
30.624 30.555 30.485 30.416 30.346 30.277  
30.208 30.139 30.07 30.002 29.933 29.864  
29.796 29.728 29.659 29.591 29.523 29.455  
29.387 29.319 29.251 29.183 29.115 29.047  
28.979 28.911 28.843 28.774 28.705 28.636  
28.566 28.495 28.423 28.349 28.275 28.201  
28.13 28.068 28.024 28.001 27.995 27.999  
28.005 28.01 28.015 28.018 28.021 28.022  
28.023 28.024 28.024 28.025 30.999 30.999  
30.999 31.0 31.001 31.001 31.002 31.003  
31.003 31.005 31.008 31.013 31.022 31.036  
31.054 31.074 31.095 31.116 31.138 31.159  
31.18 31.201 31.222 31.243 31.263 31.283  
31.303 31.323 31.343 31.363 31.382 31.402  
31.421 31.44 31.458 31.477 31.495 31.514  
31.532 31.549 31.567 31.584 31.601 31.617  
31.634 31.65 31.666 31.681 31.696 31.711  
31.726 31.74 31.753 31.767 31.78 31.793  
31.805 31.817 31.829 31.84 31.851 31.862  
31.872 31.883 31.893 31.903 31.912 31.922  
31.932 31.942 31.952 31.963 31.975 31.987  
32.001 32.016 32.033 32.054 32.078 32.105  
32.132 32.147 32.133 32.081 32.0 31.908  
31.817 31.729 31.644 31.564 31.485 31.409  
31.334 31.261 31.188 31.116 31.045 30.974  
30.903 30.833 30.763 30.694 30.624 30.554  
30.485 30.416 30.347 30.278 30.209 30.14  
30.071 30.003 29.934 29.866 29.797 29.729  
29.661 29.593 29.525 29.457 29.389 29.322  
29.254 29.187 29.119 29.052 28.984 28.917  
28.85 28.782 28.714 28.646 28.578 28.51  
28.441 28.372 28.304 28.237 28.175 28.121  
28.08 28.054 28.041 28.035 28.034 28.033  
28.034 28.034 28.034 28.034 28.034 28.034  
28.033 28.033 31.002 31.002 31.003 31.004  
31.005 31.007 31.008 31.01 31.012 31.016  
31.02 31.027 31.037 31.05 31.066 31.084  
31.103 31.123 31.143 31.164 31.184 31.205  
31.225 31.245 31.265 31.285 31.305 31.325  
31.344 31.364 31.383 31.402 31.421 31.44  
31.459 31.477 31.496 31.514 31.532 31.549  
31.567 31.584 31.601 31.617 31.634 31.65  
31.665 31.681 31.696 31.711 31.725 31.739  
31.753 31.766 31.779 31.792 31.804 31.816  
31.828 31.839 31.85 31.861 31.871 31.881  
31.891 31.901 31.91 31.92 31.929 31.938  
31.948 31.958 31.968 31.979 31.991 32.003  
32.017 32.033 32.049 32.066 32.079 32.08  
32.06 32.014 31.947 31.869 31.788 31.708  
31.629 31.552 31.476 31.402 31.328 31.256  
31.184 31.113 31.042 30.972 30.902 30.832  
30.762 30.693 30.623 30.554 30.485 30.416  
30.347 30.278 30.209 30.141 30.072 30.004  
29.935 29.867 29.799 29.73 29.663 29.595  
29.527 29.459 29.392 29.325 29.257 29.19  
29.123 29.057 28.99 28.923 28.857 28.79  
28.724 28.657 28.591 28.525 28.46 28.395  
28.332 28.271 28.215 28.167 28.128 28.1  
28.081 28.07 28.062 28.057 28.054 28.051  
28.049 28.047 28.045 28.044 28.043 28.043  
31.006 31.006 31.007 31.009 31.01 31.012  
31.015 31.017 31.021 31.025 31.031 31.039  
31.049 31.062 31.077 31.093 31.111 31.13  
31.149 31.169 31.188 31.208 31.228 31.248  
31.267 31.287 31.307 31.326 31.345 31.365  
31.384 31.403 31.422 31.441 31.459 31.478  
31.496 31.514 31.532 31.549 31.567 31.584  
31.601 31.617 31.634 31.65 31.665 31.681  
31.696 31.71 31.725 31.739 31.752 31.766  
31.779 31.791 31.803 31.815 31.827 31.838  
31.849 31.859 31.869 31.879 31.889 31.898  
31.907 31.916 31.925 31.934 31.943 31.951  
31.96 31.969 31.979 31.989 31.999 32.009  
32.018 32.025 32.028 32.019 31.995 31.953  
31.895 31.829 31.757 31.684 31.611 31.537  
31.465 31.393 31.321 31.25 31.18 31.109  
31.039 30.969 30.9 30.83 30.761 30.692  
30.623 30.554 30.485 30.416 30.347 30.278  
30.21 30.141 30.073 30.004 29.936 29.868  
29.8 29.732 29.664 29.597 29.529 29.462  
29.395 29.328 29.261 29.194 29.128 29.062  
28.995 28.93 28.864 28.799 28.734 28.669  
28.605 28.541 28.479 28.417 28.358 28.302  
28.25 28.205 28.168 28.138 28.117 28.101  
28.089 28.08 28.073 28.068 28.064 28.06  
28.057 28.055 28.053 28.053 31.009 31.01  
31.011 31.013 31.015 31.018 31.021 31.024  
31.029 31.034 31.041 31.049 31.06 31.072  
31.086 31.102 31.119 31.136 31.155 31.173  
31.192 31.211 31.231 31.25 31.269 31.289  
31.308 31.327 31.347 31.366 31.385 31.404  
31.423 31.441 31.46 31.478 31.496 31.514  
31.532 31.55 31.567 31.584 31.601 31.617  
31.633 31.649 31.665 31.68 31.695 31.71  
31.724 31.738 31.752 31.765 31.778 31.79  
31.802 31.814 31.826 31.837 31.847 31.858  
31.868 31.877 31.886 31.895 31.904 31.913  
31.921 31.929 31.936 31.944 31.952 31.959  
31.966 31.973 31.979 31.984 31.988 31.988  
31.982 31.968 31.941 31.902 31.851 31.791  
31.727 31.66 31.591 31.522 31.452 31.383  
31.313 31.244 31.174 31.105 31.036 30.967  
30.898 30.829 30.76 30.691 30.622 30.553  
30.484 30.416 30.347 30.279 30.21 30.142  
30.073 30.005 29.937 29.869 29.801 29.734  
29.666 29.599 29.531 29.464 29.397 29.331  
29.264 29.198 29.132 29.067 29.001 28.936  
28.872 28.807 28.744 28.681 28.618 28.557  
28.497 28.438 28.382 28.329 28.281 28.238  
28.201 28.171 28.147 28.128 28.113 28.102  
28.092 28.085 28.078 28.073 28.069 28.066  
28.064 28.063 31.013 31.014 31.015 31.017  
31.02 31.023 31.026 31.031 31.036 31.042  
31.049 31.058 31.068 31.081 31.094 31.109  
31.125 31.142 31.16 31.178 31.196 31.215  
31.234 31.253 31.272 31.291 31.31 31.329  
31.348 31.367 31.386 31.405 31.423 31.442  
31.46 31.478 31.497 31.514 31.532 31.55  
31.567 31.584 31.601 31.617 31.633 31.649  
31.665 31.68 31.695 31.709 31.724 31.738  
31.751 31.764 31.777 31.79 31.802 31.813  
31.824 31.835 31.846 31.856 31.866 31.875  
31.884 31.893 31.901 31.909 31.916 31.923  
31.93 31.936 31.942 31.948 31.953 31.957  
31.96 31.961 31.96 31.954 31.944 31.925  
31.897 31.859 31.812 31.758 31.699 31.637  
31.573 31.507 31.44 31.372 31.305 31.237  
31.168 31.1 31.032 30.963 30.895 30.826  
30.758 30.689 30.621 30.552 30.484 30.416  
30.347 30.279 30.21 30.142 30.074 30.006  
29.938 29.87 29.802 29.735 29.668 29.6  
29.533 29.467 29.4 29.334 29.268 29.202  
29.137 29.072 29.007 28.943 28.879 28.816  
28.753 28.692 28.631 28.572 28.514 28.458  
28.404 28.354 28.308 28.266 28.23 28.199  
28.174 28.153 28.136 28.122 28.11 28.1  
28.092 28.086 28.081 28.077 28.074 28.072  
31.017 31.017 31.019 31.021 31.024 31.028  
31.032 31.036 31.042 31.049 31.056 31.065  
31.076 31.088 31.101 31.116 31.131 31.147  
31.164 31.182 31.2 31.218 31.236 31.255  
31.274 31.292 31.311 31.33 31.349 31.368  
31.387 31.405 31.424 31.442 31.461 31.479  
31.497 31.515 31.532 31.55 31.567 31.584  
31.601 31.617 31.633 31.649 31.664 31.68  
31.695 31.709 31.723 31.737 31.751 31.764  
31.776 31.789 31.801 31.812 31.823 31.834  
31.844 31.854 31.864 31.873 31.881 31.89  
31.897 31.905 31.911 31.918 31.923 31.929  
31.933 31.937 31.94 31.941 31.941 31.939  
31.934 31.925 31.911 31.889 31.861 31.824  
31.78 31.729 31.674 31.616 31.555 31.492  
31.427 31.362 31.296 31.23 31.163 31.095  
31.028 30.96 30.892 30.824 30.756 30.688  
30.62 30.552 30.483 30.415 30.347 30.279  
30.211 30.143 30.075 30.007 29.939 29.871  
29.804 29.736 29.669 29.602 29.535 29.469  
29.403 29.337 29.271 29.206 29.141 29.076  
29.012 28.949 28.886 28.824 28.763 28.702  
28.643 28.585 28.529 28.475 28.424 28.375  
28.331 28.29 28.254 28.223 28.197 28.174  
28.155 28.139 28.126 28.115 28.106 28.098  
28.092 28.087 28.084 28.082 31.02 31.021  
31.023 31.025 31.028 31.032 31.036 31.041  
31.047 31.054 31.063 31.072 31.082 31.094  
31.107 31.121 31.136 31.152 31.168 31.185  
31.203 31.221 31.239 31.257 31.276 31.294  
31.313 31.331 31.35 31.369 31.387 31.406  
31.424 31.443 31.461 31.479 31.497 31.515  
31.532 31.55 31.567 31.584 31.6 31.617  
31.633 31.649 31.664 31.679 31.694 31.709  
31.723 31.737 31.75 31.763 31.776 31.788  
31.8 31.811 31.822 31.833 31.843 31.853  
31.862 31.871 31.879 31.887 31.894 31.901  
31.907 31.912 31.917 31.921 31.924 31.927  
31.928 31.927 31.924 31.92 31.912 31.9  
31.883 31.86 31.83 31.794 31.752 31.705  
31.653 31.597 31.539 31.478 31.416 31.352  
31.288 31.223 31.157 31.091 31.024 30.957  
30.89 30.822 30.754 30.687 30.619 30.551  
30.483 30.415 30.347 30.279 30.211 30.143  
30.075 30.007 29.94 29.872 29.805 29.738  
29.671 29.604 29.537 29.471 29.405 29.339  
29.274 29.209 29.145 29.081 29.017 28.955  
28.893 28.831 28.771 28.712 28.654 28.597  
28.543 28.49 28.441 28.394 28.35 28.311  
28.275 28.244 28.217 28.193 28.173 28.155  
28.141 28.128 28.118 28.109 28.102 28.096  
28.093 28.091 31.023 31.024 31.026 31.028  
31.032 31.036 31.04 31.046 31.052 31.059  
31.068 31.077 31.088 31.099 31.112 31.126  
31.141 31.156 31.172 31.189 31.206 31.223  
31.241 31.259 31.277 31.296 31.314 31.333  
31.351 31.37 31.388 31.407 31.425 31.443  
31.461 31.479 31.497 31.515 31.533 31.55  
31.567 31.584 31.6 31.617 31.633 31.649  
31.664 31.679 31.694 31.708 31.722 31.736  
31.75 31.762 31.775 31.787 31.799 31.81  
31.821 31.831 31.841 31.851 31.86 31.868  
31.876 31.884 31.891 31.897 31.902 31.907  
31.911 31.914 31.916 31.917 31.916 31.914  
31.91 31.903 31.892 31.878 31.859 31.835  
31.806 31.77 31.729 31.684 31.634 31.58  
31.524 31.466 31.405 31.343 31.28 31.216  
31.152 31.086 31.02 30.954 30.887 30.82  
30.753 30.685 30.618 30.55 30.482 30.414  
30.347 30.279 30.211 30.143 30.075 30.008  
29.94 29.873 29.806 29.739 29.672 29.605  
29.539 29.473 29.407 29.342 29.277 29.213  
29.148 29.085 29.022 28.96 28.899 28.838  
28.779 28.72 28.664 28.608 28.555 28.504  
28.455 28.409 28.367 28.328 28.293 28.261  
28.233 28.209 28.188 28.169 28.153 28.14  
28.128 28.119 28.111 28.105 28.101 28.099  
31.025 31.026 31.028 31.031 31.035 31.039  
31.044 31.05 31.056 31.064 31.072 31.082  
31.092 31.104 31.116 31.13 31.144 31.159  
31.175 31.191 31.208 31.225 31.243 31.261  
31.279 31.297 31.315 31.334 31.352 31.37  
31.389 31.407 31.425 31.444 31.462 31.48  
31.498 31.515 31.533 31.55 31.567 31.584  
31.6 31.617 31.633 31.648 31.664 31.679  
31.694 31.708 31.722 31.736 31.749 31.762  
31.774 31.786 31.798 31.809 31.82 31.83  
31.84 31.85 31.858 31.867 31.874 31.881  
31.888 31.894 31.899 31.903 31.906 31.908  
31.909 31.909 31.907 31.903 31.897 31.888  
31.876 31.86 31.84 31.816 31.786 31.751  
31.711 31.666 31.618 31.567 31.512 31.455  
31.396 31.336 31.274 31.211 31.147 31.082  
31.017 30.951 30.885 30.818 30.751 30.684  
30.617 30.549 30.482 30.414 30.346 30.279  
30.211 30.143 30.076 30.008 29.941 29.874  
29.807 29.74 29.673 29.607 29.541 29.475  
29.409 29.344 29.28 29.215 29.152 29.089  
29.026 28.965 28.904 28.844 28.785 28.728  
28.672 28.617 28.565 28.515 28.467 28.422  
28.38 28.342 28.307 28.275 28.247 28.222  
28.2 28.181 28.164 28.15 28.137 28.127  
28.119 28.113 28.108 28.106 31.028 31.029  
31.031 31.034 31.037 31.041 31.047 31.052  
31.059 31.067 31.075 31.085 31.095 31.107  
31.119 31.133 31.147 31.162 31.177 31.193  
31.21 31.227 31.244 31.262 31.28 31.298  
31.316 31.334 31.353 31.371 31.389 31.408  
31.426 31.444 31.462 31.48 31.498 31.515  
31.533 31.55 31.567 31.584 31.6 31.617  
31.633 31.648 31.664 31.679 31.693 31.708  
31.722 31.735 31.749 31.762 31.774 31.786  
31.798 31.809 31.819 31.829 31.839 31.848  
31.857 31.865 31.872 31.879 31.885 31.891  
31.895 31.899 31.902 31.903 31.903 31.902  
31.899 31.894 31.887 31.877 31.864 31.847  
31.826 31.8 31.77 31.736 31.696 31.653  
31.606 31.556 31.502 31.447 31.389 31.329  
31.268 31.206 31.143 31.079 31.014 30.949  
30.883 30.817 30.75 30.683 30.616 30.549  
30.481 30.414 30.346 30.279 30.211 30.144  
30.076 30.009 29.941 29.874 29.807 29.741  
29.674 29.608 29.542 29.476 29.411 29.346  
29.282 29.218 29.154 29.092 29.029 28.968  
28.908 28.849 28.791 28.734 28.678 28.625  
28.573 28.524 28.477 28.432 28.391 28.353  
28.318 28.286 28.257 28.232 28.209 28.19  
28.172 28.157 28.145 28.134 28.125 28.119  
28.114 28.111 31.029 31.03 31.032 31.035  
31.039 31.043 31.049 31.055 31.061 31.069  
31.078 31.087 31.098 31.109 31.122 31.135  
31.149 31.164 31.179 31.195 31.211 31.228  
31.245 31.263 31.281 31.299 31.317 31.335  
31.353 31.371 31.39 31.408 31.426 31.444  
31.462 31.48 31.498 31.515 31.533 31.55  
31.567 31.584 31.6 31.617 31.633 31.648  
31.664 31.679 31.693 31.708 31.722 31.735  
31.748 31.761 31.774 31.786 31.797 31.808  
31.819 31.829 31.838 31.847 31.856 31.864  
31.871 31.878 31.884 31.889 31.893 31.896  
31.898 31.899 31.899 31.897 31.894 31.888  
31.88 31.869 31.855 31.837 31.816 31.79  
31.76 31.725 31.687 31.644 31.597 31.548  
31.495 31.441 31.384 31.325 31.264 31.203  
31.14 31.076 31.012 30.947 30.881 30.815  
30.749 30.682 30.615 30.548 30.481 30.414  
30.346 30.279 30.211 30.144 30.076 30.009  
29.942 29.875 29.808 29.741 29.675 29.609  
29.543 29.477 29.412 29.347 29.283 29.219  
29.156 29.094 29.032 28.971 28.911 28.852  
28.794 28.738 28.683 28.63 28.579 28.53  
28.483 28.439 28.398 28.36 28.325 28.294  
28.265 28.239 28.216 28.196 28.178 28.163  
28.15 28.139 28.13 28.123 28.118 28.116  
31.03 31.031 31.033 31.036 31.04 31.044  
31.05 31.056 31.063 31.07 31.079 31.089  
31.099 31.111 31.123 31.136 31.15 31.165  
31.18 31.196 31.212 31.229 31.246 31.263  
31.281 31.299 31.317 31.335 31.353 31.372  
31.39 31.408 31.426 31.444 31.462 31.48  
31.498 31.516 31.533 31.55 31.567 31.584  
31.6 31.617 31.632 31.648 31.663 31.679  
31.693 31.708 31.721 31.735 31.748 31.761  
31.773 31.785 31.797 31.808 31.818 31.828  
31.838 31.847 31.855 31.863 31.87 31.877  
31.883 31.888 31.892 31.895 31.897 31.897  
31.897 31.895 31.891 31.884 31.876 31.865  
31.85 31.832 31.81 31.784 31.754 31.72  
31.681 31.639 31.593 31.544 31.492 31.437  
31.381 31.322 31.262 31.201 31.139 31.075  
31.011 30.946 30.881 30.815 30.748 30.682  
30.615 30.548 30.481 30.413 30.346 30.279  
30.211 30.144 30.076 30.009 29.942 29.875  
29.808 29.742 29.675 29.609 29.543 29.478  
29.413 29.348 29.284 29.22 29.157 29.095  
29.033 28.972 28.913 28.854 28.796 28.74  
28.686 28.633 28.582 28.533 28.487 28.443  
28.402 28.364 28.329 28.297 28.269 28.243  
28.22 28.199 28.181 28.166 28.153 28.141  
28.132 28.125 28.12 28.118  
