-996 24 15.138286302712666 15.313181253729029
84382.10668990287 85405.41468990287 75237.10831009713 75493.10831009713
94 -43.3767687402715 84382.10668990287 75237.10831009713
0 0 0 0 0 0 0
30.984 30.985 30.987 30.989 30.992 30.995  
30.999 31.004 31.009 31.016 31.023 31.032  
31.042 31.053 31.064 31.077 31.091 31.105  
31.119 31.134 31.15 31.166 31.182 31.198  
31.215 31.231 31.248 31.265 31.282 31.299  
31.316 31.333 31.35 31.367 31.384 31.402  
31.419 31.436 31.454 31.471 31.488 31.505  
31.523 31.54 31.557 31.574 31.591 31.609  
31.626 31.643 31.66 31.677 31.693 31.71  
31.727 31.744 31.76 31.777 31.793 31.81  
31.826 31.842 31.859 31.875 31.891 31.907  
31.922 31.938 31.953 31.969 31.984 31.999  
32.013 32.028 32.042 32.055 32.068 32.08  
32.092 32.102 32.112 32.121 32.128 32.135  
32.141 32.146 32.15 32.153 32.156 32.158  
32.16 32.161 32.162 32.163 30.984 30.985  
30.986 30.988 30.991 30.994 30.998 31.003  
31.008 31.015 31.022 31.031 31.041 31.052  
31.063 31.076 31.09 31.104 31.119 31.134  
31.15 31.165 31.182 31.198 31.214 31.231  
31.248 31.265 31.282 31.299 31.316 31.333  
31.35 31.367 31.384 31.402 31.419 31.436  
31.454 31.471 31.488 31.505 31.523 31.54  
31.557 31.574 31.591 31.608 31.626 31.643  
31.66 31.676 31.693 31.71 31.727 31.744  
31.76 31.777 31.793 31.81 31.826 31.842  
31.859 31.875 31.891 31.907 31.922 31.938  
31.954 31.969 31.984 31.999 32.014 32.028  
32.042 32.056 32.069 32.081 32.093 32.103  
32.113 32.122 32.13 32.136 32.142 32.146  
32.15 32.154 32.156 32.158 32.16 32.162  
32.163 32.163 30.983 30.984 30.986 30.988  
30.99 30.993 30.997 31.001 31.006 31.013  
31.02 31.029 31.038 31.05 31.062 31.075  
31.088 31.103 31.118 31.133 31.149 31.165  
31.181 31.198 31.214 31.231 31.248 31.265  
31.282 31.299 31.316 31.333 31.35 31.367  
31.385 31.402 31.419 31.436 31.454 31.471  
31.488 31.505 31.523 31.54 31.557 31.574  
31.591 31.608 31.626 31.643 31.66 31.676  
31.693 31.71 31.727 31.744 31.76 31.777  
31.793 31.81 31.826 31.842 31.859 31.875  
31.891 31.907 31.923 31.938 31.954 31.969  
31.985 32.0 32.014 32.029 32.043 32.057  
32.07 32.083 32.095 32.105 32.115 32.124  
32.132 32.138 32.143 32.148 32.152 32.155  
32.157 32.159 32.161 32.162 32.163 32.163  
30.983 30.983 30.985 30.986 30.989 30.991  
30.995 30.999 31.004 31.01 31.017 31.025  
31.035 31.047 31.059 31.072 31.087 31.101  
31.116 31.132 31.148 31.164 31.181 31.197  
31.214 31.231 31.247 31.264 31.281 31.299  
31.316 31.333 31.35 31.367 31.385 31.402  
31.419 31.436 31.454 31.471 31.488 31.505  
31.523 31.54 31.557 31.574 31.591 31.608  
31.625 31.642 31.659 31.676 31.693 31.71  
31.727 31.744 31.76 31.777 31.793 31.81  
31.826 31.842 31.859 31.875 31.891 31.907  
31.923 31.939 31.954 31.97 31.985 32.0  
32.015 32.03 32.044 32.058 32.072 32.085  
32.097 32.108 32.118 32.127 32.135 32.141  
32.146 32.15 32.154 32.156 32.159 32.16  
32.162 32.163 32.164 32.164 30.981 30.982  
30.983 30.985 30.987 30.989 30.992 30.996  
31.0 31.006 31.013 31.021 31.031 31.043  
31.056 31.069 31.084 31.099 31.115 31.131  
31.147 31.163 31.18 31.197 31.213 31.23  
31.247 31.264 31.281 31.298 31.316 31.333  
31.35 31.367 31.385 31.402 31.419 31.436  
31.454 31.471 31.488 31.505 31.523 31.54  
31.557 31.574 31.591 31.608 31.625 31.642  
31.659 31.676 31.693 31.71 31.727 31.743  
31.76 31.777 31.793 31.81 31.826 31.842  
31.859 31.875 31.891 31.907 31.923 31.939  
31.955 31.97 31.986 32.001 32.016 32.031  
32.046 32.061 32.075 32.088 32.101 32.112  
32.123 32.131 32.139 32.145 32.149 32.153  
32.156 32.158 32.16 32.162 32.163 32.164  
32.165 32.165 30.98 30.981 30.982 30.983  
30.985 30.987 30.989 30.992 30.996 31.001  
31.007 31.015 31.026 31.038 31.051 31.066  
31.081 31.097 31.113 31.129 31.146 31.162  
31.179 31.196 31.213 31.23 31.247 31.264  
31.281 31.298 31.316 31.333 31.35 31.367  
31.385 31.402 31.419 31.436 31.454 31.471  
31.488 31.505 31.523 31.54 31.557 31.574  
31.591 31.608 31.625 31.642 31.659 31.676  
31.693 31.71 31.727 31.743 31.76 31.777  
31.793 31.81 31.826 31.843 31.859 31.875  
31.891 31.907 31.923 31.939 31.955 31.971  
31.987 32.002 32.018 32.033 32.048 32.063  
32.077 32.091 32.105 32.117 32.128 32.137  
32.144 32.149 32.153 32.157 32.159 32.161  
32.162 32.163 32.164 32.165 32.166 32.166  
30.979 30.979 30.98 30.981 30.982 30.984  
30.985 30.988 30.991 30.995 31.0 31.008  
31.019 31.032 31.046 31.062 31.078 31.094  
31.111 31.128 31.144 31.161 31.178 31.195  
31.213 31.23 31.247 31.264 31.281 31.298  
31.316 31.333 31.35 31.367 31.385 31.402  
31.419 31.436 31.454 31.471 31.488 31.505  
31.523 31.54 31.557 31.574 31.591 31.608  
31.625 31.642 31.659 31.676 31.693 31.71  
31.727 31.743 31.76 31.777 31.793 31.81  
31.826 31.843 31.859 31.875 31.891 31.907  
31.924 31.94 31.956 31.971 31.987 32.003  
32.019 32.035 32.05 32.066 32.081 32.096  
32.11 32.123 32.134 32.143 32.15 32.155  
32.158 32.161 32.162 32.163 32.164 32.165  
32.166 32.166 32.166 32.167 30.978 30.978  
30.979 30.979 30.98 30.981 30.982 30.983  
30.985 30.987 30.992 31.0 31.011 31.025  
31.04 31.057 31.074 31.091 31.109 31.126  
31.143 31.161 31.178 31.195 31.212 31.229  
31.247 31.264 31.281 31.298 31.316 31.333  
31.35 31.367 31.385 31.402 31.419 31.436  
31.454 31.471 31.488 31.505 31.523 31.54  
31.557 31.574 31.591 31.608 31.625 31.642  
31.659 31.676 31.693 31.71 31.727 31.743  
31.76 31.777 31.793 31.81 31.826 31.842  
31.859 31.875 31.891 31.908 31.924 31.94  
31.956 31.972 31.988 32.004 32.02 32.036  
32.052 32.068 32.084 32.1 32.115 32.13  
32.142 32.152 32.158 32.162 32.164 32.165  
32.166 32.166 32.166 32.167 32.167 32.167  
32.167 32.167 30.977 30.977 30.978 30.978  
30.978 30.978 30.978 30.978 30.978 30.979  
30.982 30.989 31.001 31.016 31.034 31.052  
31.071 31.089 31.107 31.125 31.142 31.16  
31.177 31.195 31.212 31.229 31.247 31.264  
31.281 31.298 31.316 31.333 31.35 31.367  
31.385 31.402 31.419 31.436 31.454 31.471  
31.488 31.505 31.523 31.54 31.557 31.574  
31.591 31.608 31.625 31.642 31.659 31.676  
31.693 31.71 31.726 31.743 31.76 31.776  
31.793 31.81 31.826 31.842 31.859 31.875  
31.891 31.908 31.924 31.94 31.956 31.972  
31.989 32.005 32.021 32.038 32.054 32.071  
32.088 32.105 32.122 32.138 32.152 32.162  
32.168 32.17 32.17 32.17 32.169 32.169  
32.168 32.168 32.168 32.168 32.168 32.168  
30.976 30.977 30.977 30.977 30.977 30.976  
30.975 30.974 30.972 30.97 30.971 30.977  
30.99 31.008 31.028 31.048 31.068 31.087  
31.105 31.124 31.142 31.159 31.177 31.194  
31.212 31.229 31.247 31.264 31.281 31.298  
31.316 31.333 31.35 31.367 31.385 31.402  
31.419 31.437 31.454 31.471 31.488 31.505  
31.523 31.54 31.557 31.574 31.591 31.608  
31.625 31.642 31.659 31.676 31.693 31.71  
31.726 31.743 31.76 31.776 31.793 31.809  
31.826 31.842 31.859 31.875 31.891 31.908  
31.924 31.94 31.956 31.973 31.989 32.005  
32.022 32.039 32.056 32.073 32.091 32.109  
32.128 32.146 32.162 32.174 32.179 32.178  
32.176 32.174 32.172 32.171 32.17 32.169  
32.169 32.168 32.168 32.168 30.976 30.976  
30.976 30.976 30.976 30.975 30.973 30.971  
30.967 30.963 30.962 30.967 30.98 31.001  
31.023 31.045 31.066 31.086 31.105 31.123  
31.141 31.159 31.177 31.195 31.212 31.229  
31.247 31.264 31.281 31.299 31.316 31.333  
31.35 31.368 31.385 31.402 31.419 31.437  
31.454 31.471 31.488 31.505 31.523 31.54  
31.557 31.574 31.591 31.608 31.625 31.642  
31.659 31.676 31.693 31.71 31.726 31.743  
31.76 31.776 31.793 31.809 31.826 31.842  
31.859 31.875 31.891 31.908 31.924 31.94  
31.956 31.973 31.989 32.006 32.022 32.039  
32.057 32.074 32.093 32.112 32.132 32.153  
32.171 32.184 32.188 32.185 32.181 32.177  
32.174 32.172 32.17 32.169 32.169 32.169  
32.168 32.168 30.977 30.977 30.977 30.976  
30.976 30.975 30.973 30.97 30.966 30.961  
30.958 30.963 30.977 30.998 31.022 31.044  
31.065 31.085 31.105 31.123 31.142 31.16  
31.177 31.195 31.212 31.23 31.247 31.264  
31.282 31.299 31.316 31.333 31.351 31.368  
31.385 31.402 31.419 31.437 31.454 31.471  
31.488 31.505 31.523 31.54 31.557 31.574  
31.591 31.608 31.625 31.642 31.659 31.676  
31.693 31.709 31.726 31.743 31.76 31.776  
31.793 31.809 31.826 31.842 31.858 31.875  
31.891 31.907 31.924 31.94 31.956 31.972  
31.989 32.005 32.022 32.039 32.057 32.074  
32.093 32.113 32.134 32.155 32.175 32.188  
32.191 32.188 32.182 32.177 32.174 32.172  
32.17 32.169 32.169 32.168 32.168 32.168  
30.977 30.977 30.978 30.977 30.977 30.976  
30.975 30.972 30.969 30.965 30.963 30.968  
30.982 31.002 31.024 31.046 31.067 31.087  
31.106 31.124 31.142 31.16 31.178 31.195  
31.213 31.23 31.247 31.265 31.282 31.299  
31.316 31.334 31.351 31.368 31.385 31.402  
31.42 31.437 31.454 31.471 31.488 31.506  
31.523 31.54 31.557 31.574 31.591 31.608  
31.625 31.642 31.659 31.676 31.693 31.709  
31.726 31.743 31.759 31.776 31.792 31.809  
31.825 31.842 31.858 31.874 31.891 31.907  
31.923 31.939 31.956 31.972 31.988 32.005  
32.022 32.038 32.056 32.073 32.092 32.111  
32.131 32.152 32.17 32.183 32.186 32.184  
32.179 32.175 32.173 32.171 32.169 32.168  
32.168 32.168 32.167 32.167 30.979 30.979  
30.979 30.979 30.979 30.979 30.978 30.976  
30.975 30.973 30.974 30.98 30.992 31.01  
31.03 31.051 31.07 31.089 31.108 31.126  
31.144 31.161 31.179 31.196 31.213 31.231  
31.248 31.265 31.282 31.299 31.317 31.334  
31.351 31.368 31.385 31.403 31.42 31.437  
31.454 31.471 31.488 31.506 31.523 31.54  
31.557 31.574 31.591 31.608 31.625 31.642  
31.659 31.676 31.692 31.709 31.726 31.743  
31.759 31.776 31.792 31.809 31.825 31.841  
31.858 31.874 31.89 31.907 31.923 31.939  
31.955 31.971 31.988 32.004 32.02 32.037  
32.054 32.071 32.089 32.107 32.125 32.144  
32.16 32.172 32.176 32.176 32.174 32.171  
32.17 32.168 32.167 32.167 32.167 32.166  
32.166 32.166 30.98 30.981 30.981 30.981  
30.982 30.982 30.982 30.982 30.982 30.983  
30.986 30.993 31.005 31.02 31.038 31.056  
31.074 31.092 31.11 31.128 31.145 31.162  
31.18 31.197 31.214 31.231 31.248 31.266  
31.283 31.3 31.317 31.334 31.351 31.368  
31.386 31.403 31.42 31.437 31.454 31.471  
31.488 31.506 31.523 31.54 31.557 31.574  
31.591 31.608 31.625 31.642 31.659 31.676  
31.692 31.709 31.726 31.742 31.759 31.776  
31.792 31.808 31.825 31.841 31.857 31.874  
31.89 31.906 31.922 31.938 31.954 31.97  
31.987 32.003 32.019 32.035 32.052 32.068  
32.085 32.102 32.119 32.135 32.149 32.159  
32.165 32.167 32.167 32.166 32.166 32.165  
32.165 32.165 32.165 32.165 32.165 32.165  
30.982 30.983 30.983 30.984 30.985 30.986  
30.987 30.988 30.99 30.992 30.997 31.005  
31.016 31.03 31.045 31.062 31.079 31.096  
31.113 31.13 31.147 31.164 31.181 31.198  
31.215 31.232 31.249 31.266 31.283 31.3  
31.317 31.334 31.351 31.369 31.386 31.403  
31.42 31.437 31.454 31.471 31.489 31.506  
31.523 31.54 31.557 31.574 31.591 31.608  
31.625 31.642 31.659 31.675 31.692 31.709  
31.726 31.742 31.759 31.775 31.792 31.808  
31.825 31.841 31.857 31.873 31.889 31.905  
31.921 31.937 31.953 31.969 31.985 32.001  
32.017 32.033 32.049 32.065 32.081 32.096  
32.111 32.126 32.138 32.148 32.154 32.158  
32.16 32.161 32.161 32.162 32.162 32.163  
32.163 32.163 32.163 32.164 30.985 30.985  
30.986 30.987 30.988 30.99 30.991 30.994  
30.997 31.001 31.006 31.015 31.025 31.038  
31.052 31.067 31.083 31.099 31.116 31.132  
31.149 31.166 31.182 31.199 31.216 31.233  
31.25 31.267 31.284 31.301 31.318 31.335  
31.352 31.369 31.386 31.403 31.42 31.437  
31.454 31.471 31.489 31.506 31.523 31.54  
31.557 31.574 31.591 31.608 31.625 31.642  
31.659 31.675 31.692 31.709 31.725 31.742  
31.759 31.775 31.792 31.808 31.824 31.84  
31.857 31.873 31.889 31.905 31.921 31.937  
31.953 31.968 31.984 32.0 32.015 32.031  
32.046 32.061 32.076 32.091 32.105 32.118  
32.129 32.138 32.145 32.15 32.153 32.155  
32.157 32.158 32.159 32.16 32.161 32.161  
32.162 32.162 30.987 30.987 30.988 30.99  
30.991 30.993 30.996 30.999 31.003 31.008  
31.014 31.023 31.033 31.045 31.058 31.072  
31.087 31.103 31.119 31.135 31.151 31.167  
31.184 31.2 31.217 31.234 31.25 31.267  
31.284 31.301 31.318 31.335 31.352 31.369  
31.386 31.403 31.42 31.437 31.454 31.472  
31.489 31.506 31.523 31.54 31.557 31.574  
31.591 31.608 31.625 31.642 31.658 31.675  
31.692 31.709 31.725 31.742 31.758 31.775  
31.791 31.808 31.824 31.84 31.856 31.872  
31.888 31.904 31.92 31.936 31.952 31.967  
31.983 31.998 32.013 32.028 32.043 32.058  
32.072 32.086 32.099 32.111 32.122 32.131  
32.138 32.143 32.147 32.15 32.153 32.155  
32.156 32.158 32.159 32.159 32.16 32.16  
30.989 30.99 30.991 30.993 30.995 30.997  
31.0 31.004 31.008 31.014 31.021 31.029  
31.039 31.051 31.063 31.077 31.091 31.106  
31.121 31.137 31.153 31.169 31.185 31.201  
31.218 31.234 31.251 31.268 31.285 31.302  
31.318 31.335 31.352 31.369 31.386 31.403  
31.42 31.437 31.455 31.472 31.489 31.506  
31.523 31.54 31.557 31.574 31.591 31.608  
31.625 31.642 31.658 31.675 31.692 31.709  
31.725 31.742 31.758 31.775 31.791 31.807  
31.824 31.84 31.856 31.872 31.888 31.904  
31.919 31.935 31.951 31.966 31.981 31.996  
32.011 32.026 32.041 32.055 32.069 32.082  
32.094 32.106 32.116 32.124 32.132 32.138  
32.142 32.146 32.149 32.152 32.154 32.155  
32.157 32.158 32.158 32.159 30.991 30.992  
30.993 30.995 30.997 31.0 31.004 31.008  
31.013 31.019 31.026 31.035 31.044 31.055  
31.068 31.081 31.094 31.109 31.124 31.139  
31.155 31.17 31.186 31.203 31.219 31.235  
31.252 31.268 31.285 31.302 31.319 31.336  
31.353 31.37 31.387 31.404 31.421 31.438  
31.455 31.472 31.489 31.506 31.523 31.54  
31.557 31.574 31.591 31.608 31.625 31.641  
31.658 31.675 31.692 31.708 31.725 31.742  
31.758 31.774 31.791 31.807 31.823 31.839  
31.855 31.871 31.887 31.903 31.919 31.934  
31.95 31.965 31.98 31.995 32.01 32.024  
32.038 32.052 32.065 32.078 32.09 32.101  
32.111 32.119 32.127 32.133 32.138 32.142  
32.146 32.149 32.151 32.153 32.155 32.156  
32.157 32.157 30.993 30.994 30.995 30.997  
31.0 31.003 31.007 31.011 31.017 31.023  
31.03 31.039 31.049 31.059 31.071 31.084  
31.097 31.111 31.126 31.141 31.156 31.172  
31.187 31.203 31.22 31.236 31.252 31.269  
31.286 31.302 31.319 31.336 31.353 31.37  
31.387 31.404 31.421 31.438 31.455 31.472  
31.489 31.506 31.523 31.54 31.557 31.574  
31.591 31.608 31.625 31.641 31.658 31.675  
31.692 31.708 31.725 31.741 31.758 31.774  
31.791 31.807 31.823 31.839 31.855 31.871  
31.887 31.903 31.918 31.934 31.949 31.964  
31.979 31.994 32.008 32.022 32.036 32.05  
32.063 32.075 32.086 32.097 32.107 32.115  
32.123 32.129 32.135 32.139 32.143 32.146  
32.149 32.151 32.153 32.154 32.155 32.156  
30.995 30.995 30.997 30.999 31.002 31.005  
31.009 31.014 31.02 31.026 31.034 31.042  
31.052 31.062 31.074 31.086 31.1 31.113  
31.128 31.142 31.157 31.173 31.188 31.204  
31.22 31.236 31.253 31.269 31.286 31.303  
31.319 31.336 31.353 31.37 31.387 31.404  
31.421 31.438 31.455 31.472 31.489 31.506  
31.523 31.54 31.557 31.574 31.591 31.608  
31.625 31.641 31.658 31.675 31.692 31.708  
31.725 31.741 31.758 31.774 31.79 31.807  
31.823 31.839 31.855 31.871 31.886 31.902  
31.918 31.933 31.948 31.963 31.978 31.993  
32.007 32.021 32.035 32.048 32.06 32.072  
32.084 32.094 32.104 32.112 32.12 32.126  
32.132 32.137 32.141 32.144 32.147 32.15  
32.152 32.153 32.154 32.155 30.996 30.997  
30.998 31.0 31.003 31.007 31.011 31.016  
31.022 31.028 31.036 31.044 31.054 31.065  
31.076 31.088 31.101 31.115 31.129 31.143  
31.158 31.173 31.189 31.205 31.221 31.237  
31.253 31.27 31.286 31.303 31.319 31.336  
31.353 31.37 31.387 31.404 31.421 31.438  
31.455 31.472 31.489 31.506 31.523 31.54  
31.557 31.574 31.591 31.608 31.625 31.641  
31.658 31.675 31.692 31.708 31.725 31.741  
31.758 31.774 31.79 31.807 31.823 31.839  
31.855 31.87 31.886 31.902 31.917 31.933  
31.948 31.963 31.977 31.992 32.006 32.02  
32.033 32.046 32.059 32.071 32.082 32.092  
32.102 32.11 32.118 32.124 32.13 32.135  
32.139 32.143 32.146 32.149 32.151 32.152  
32.153 32.154 30.996 30.997 30.999 31.001  
31.004 31.008 31.012 31.017 31.023 31.029  
31.037 31.046 31.055 31.066 31.077 31.089  
31.102 31.115 31.129 31.144 31.159 31.174  
31.189 31.205 31.221 31.237 31.253 31.27  
31.286 31.303 31.32 31.336 31.353 31.37  
31.387 31.404 31.421 31.438 31.455 31.472  
31.489 31.506 31.523 31.54 31.557 31.574  
31.591 31.608 31.624 31.641 31.658 31.675  
31.691 31.708 31.725 31.741 31.758 31.774  
31.79 31.806 31.823 31.839 31.854 31.87  
31.886 31.902 31.917 31.932 31.947 31.962  
31.977 31.991 32.006 32.019 32.033 32.046  
32.058 32.07 32.081 32.091 32.1 32.109  
32.117 32.123 32.129 32.134 32.139 32.142  
32.145 32.148 32.15 32.152 32.153 32.154  
