-996 28 15.07747183919222 15.17502382137509
84369.85101174859 85984.81181529856 75244.13416527593 75530.97116747794
154 -45.567306929664824 84369.85101174859 75244.13416527593
0 0 0 0 0 0 0
66.282 66.282 66.283 66.285 66.287 66.289  
66.291 66.294 66.298 66.302 66.307 66.312  
66.319 66.326 66.333 66.341 66.35 66.36  
66.37 66.38 66.391 66.402 66.413 66.424  
66.436 66.447 66.459 66.471 66.483 66.495  
66.508 66.52 66.532 66.545 66.557 66.57  
66.583 66.595 66.608 66.621 66.634 66.647  
66.66 66.673 66.686 66.699 66.712 66.725  
66.738 66.752 66.765 66.778 66.792 66.805  
66.819 66.832 66.846 66.859 66.873 66.887  
66.901 66.914 66.928 66.942 66.956 66.97  
66.984 66.999 67.013 67.027 67.042 67.056  
67.071 67.085 67.1 67.115 67.13 67.146  
67.161 67.177 67.192 67.209 67.225 67.241  
67.258 67.275 67.292 67.309 67.327 67.344  
67.362 67.38 67.398 67.416 67.433 67.451  
67.469 67.487 67.505 67.523 67.541 67.559  
67.577 67.595 67.613 67.631 67.649 67.667  
67.684 67.702 67.72 67.737 67.755 67.772  
67.79 67.807 67.824 67.842 67.859 67.876  
67.893 67.91 67.926 67.943 67.959 67.976  
67.992 68.008 68.024 68.04 68.055 68.07  
68.085 68.099 68.113 68.127 68.139 68.151  
68.162 68.172 68.181 68.189 68.196 68.202  
68.208 68.212 68.216 68.219 68.222 68.224  
68.225 68.227 68.228 68.228 66.282 66.282  
66.283 66.285 66.286 66.288 66.291 66.294  
66.297 66.301 66.306 66.312 66.318 66.325  
66.333 66.341 66.35 66.359 66.369 66.38  
66.39 66.401 66.412 66.424 66.435 66.447  
66.459 66.471 66.483 66.495 66.508 66.52  
66.532 66.545 66.557 66.57 66.583 66.595  
66.608 66.621 66.634 66.647 66.66 66.673  
66.686 66.699 66.712 66.725 66.738 66.752  
66.765 66.778 66.792 66.805 66.819 66.832  
66.846 66.859 66.873 66.887 66.901 66.914  
66.928 66.942 66.956 66.97 66.984 66.999  
67.013 67.027 67.042 67.056 67.071 67.085  
67.1 67.115 67.13 67.145 67.161 67.176  
67.192 67.208 67.225 67.241 67.258 67.275  
67.292 67.309 67.327 67.344 67.362 67.38  
67.398 67.415 67.433 67.451 67.469 67.487  
67.505 67.523 67.541 67.559 67.577 67.595  
67.613 67.631 67.649 67.667 67.684 67.702  
67.72 67.737 67.755 67.772 67.79 67.807  
67.824 67.842 67.859 67.876 67.893 67.91  
67.926 67.943 67.959 67.976 67.992 68.008  
68.024 68.04 68.055 68.071 68.085 68.1  
68.114 68.127 68.14 68.152 68.163 68.173  
68.182 68.19 68.197 68.203 68.208 68.213  
68.216 68.219 68.222 68.224 68.226 68.227  
68.228 68.228 66.281 66.282 66.283 66.284  
66.286 66.288 66.29 66.293 66.296 66.3  
66.305 66.31 66.316 66.323 66.331 66.34  
66.349 66.358 66.369 66.379 66.39 66.401  
66.412 66.424 66.435 66.447 66.459 66.471  
66.483 66.495 66.508 66.52 66.532 66.545  
66.558 66.57 66.583 66.595 66.608 66.621  
66.634 66.647 66.66 66.673 66.686 66.699  
66.712 66.725 66.738 66.752 66.765 66.778  
66.792 66.805 66.819 66.832 66.846 66.859  
66.873 66.887 66.901 66.914 66.928 66.942  
66.956 66.97 66.984 66.999 67.013 67.027  
67.041 67.056 67.07 67.085 67.1 67.115  
67.13 67.145 67.16 67.176 67.192 67.208  
67.224 67.241 67.257 67.274 67.291 67.309  
67.326 67.344 67.362 67.379 67.397 67.415  
67.433 67.451 67.469 67.487 67.505 67.523  
67.541 67.559 67.577 67.595 67.613 67.631  
67.649 67.667 67.684 67.702 67.72 67.737  
67.755 67.772 67.79 67.807 67.824 67.841  
67.859 67.876 67.893 67.909 67.926 67.943  
67.96 67.976 67.992 68.009 68.025 68.04  
68.056 68.071 68.086 68.101 68.115 68.129  
68.142 68.154 68.165 68.175 68.184 68.192  
68.199 68.205 68.21 68.214 68.217 68.22  
68.223 68.225 68.226 68.227 68.228 68.229  
66.281 66.281 66.282 66.283 66.285 66.287  
66.289 66.292 66.295 66.299 66.303 66.308  
66.314 66.321 66.329 66.338 66.347 66.357  
66.367 66.378 66.389 66.4 66.412 66.423  
66.435 66.447 66.459 66.471 66.483 66.495  
66.508 66.52 66.533 66.545 66.558 66.57  
66.583 66.596 66.608 66.621 66.634 66.647  
66.66 66.673 66.686 66.699 66.712 66.725  
66.739 66.752 66.765 66.778 66.792 66.805  
66.819 66.832 66.846 66.859 66.873 66.887  
66.901 66.914 66.928 66.942 66.956 66.97  
66.984 66.998 67.013 67.027 67.041 67.056  
67.07 67.085 67.099 67.114 67.129 67.144  
67.16 67.175 67.191 67.207 67.223 67.24  
67.257 67.274 67.291 67.308 67.326 67.343  
67.361 67.379 67.397 67.415 67.433 67.451  
67.469 67.487 67.505 67.523 67.541 67.559  
67.577 67.595 67.613 67.631 67.649 67.666  
67.684 67.702 67.719 67.737 67.755 67.772  
67.789 67.807 67.824 67.841 67.858 67.876  
67.893 67.909 67.926 67.943 67.96 67.976  
67.993 68.009 68.025 68.041 68.057 68.072  
68.088 68.102 68.117 68.131 68.144 68.156  
68.168 68.178 68.187 68.195 68.202 68.207  
68.212 68.216 68.219 68.222 68.224 68.226  
68.227 68.228 68.229 68.229 66.28 66.281  
66.281 66.282 66.284 66.285 66.287 66.29  
66.293 66.296 66.3 66.306 66.312 66.319  
66.327 66.336 66.345 66.355 66.366 66.377  
66.388 66.399 66.411 66.423 66.435 66.447  
66.459 66.471 66.483 66.495 66.508 66.52  
66.533 66.545 66.558 66.57 66.583 66.596  
66.608 66.621 66.634 66.647 66.66 66.673  
66.686 66.699 66.712 66.725 66.739 66.752  
66.765 66.779 66.792 66.805 66.819 66.832  
66.846 66.86 66.873 66.887 66.901 66.914  
66.928 66.942 66.956 66.97 66.984 66.998  
67.012 67.027 67.041 67.055 67.07 67.084  
67.099 67.114 67.129 67.144 67.159 67.174  
67.19 67.206 67.222 67.239 67.256 67.273  
67.29 67.307 67.325 67.343 67.361 67.379  
67.396 67.414 67.433 67.451 67.469 67.487  
67.505 67.523 67.541 67.559 67.577 67.595  
67.613 67.631 67.648 67.666 67.684 67.702  
67.719 67.737 67.754 67.772 67.789 67.807  
67.824 67.841 67.858 67.875 67.893 67.909  
67.926 67.943 67.96 67.976 67.993 68.009  
68.026 68.042 68.058 68.073 68.089 68.104  
68.119 68.133 68.147 68.16 68.172 68.182  
68.191 68.199 68.205 68.211 68.215 68.218  
68.221 68.223 68.225 68.227 68.228 68.229  
68.229 68.23 66.279 66.28 66.28 66.281  
66.283 66.284 66.286 66.288 66.29 66.293  
66.297 66.302 66.308 66.315 66.324 66.333  
66.343 66.353 66.364 66.376 66.387 66.399  
66.41 66.422 66.434 66.446 66.459 66.471  
66.483 66.495 66.508 66.52 66.533 66.545  
66.558 66.57 66.583 66.596 66.609 66.621  
66.634 66.647 66.66 66.673 66.686 66.699  
66.712 66.726 66.739 66.752 66.765 66.779  
66.792 66.805 66.819 66.832 66.846 66.86  
66.873 66.887 66.901 66.914 66.928 66.942  
66.956 66.97 66.984 66.998 67.012 67.027  
67.041 67.055 67.069 67.084 67.098 67.113  
67.128 67.143 67.158 67.173 67.189 67.205  
67.221 67.238 67.254 67.272 67.289 67.307  
67.324 67.342 67.36 67.378 67.396 67.414  
67.432 67.45 67.468 67.486 67.504 67.523  
67.541 67.559 67.577 67.595 67.612 67.63  
67.648 67.666 67.684 67.701 67.719 67.737  
67.754 67.772 67.789 67.807 67.824 67.841  
67.858 67.875 67.892 67.909 67.926 67.943  
67.96 67.977 67.993 68.01 68.026 68.043  
68.059 68.075 68.091 68.106 68.121 68.136  
68.15 68.164 68.176 68.187 68.196 68.204  
68.21 68.215 68.218 68.221 68.224 68.225  
68.227 68.228 68.229 68.23 68.23 68.23  
66.279 66.279 66.28 66.28 66.281 66.282  
66.284 66.285 66.287 66.29 66.293 66.298  
66.304 66.311 66.32 66.33 66.34 66.351  
66.362 66.374 66.386 66.398 66.41 66.422  
66.434 66.446 66.458 66.471 66.483 66.495  
66.508 66.52 66.533 66.545 66.558 66.571  
66.583 66.596 66.609 66.622 66.634 66.647  
66.66 66.673 66.686 66.699 66.713 66.726  
66.739 66.752 66.765 66.779 66.792 66.806  
66.819 66.833 66.846 66.86 66.873 66.887  
66.901 66.914 66.928 66.942 66.956 66.97  
66.984 66.998 67.012 67.026 67.04 67.055  
67.069 67.083 67.098 67.112 67.127 67.142  
67.157 67.172 67.188 67.203 67.22 67.236  
67.253 67.27 67.288 67.306 67.323 67.341  
67.359 67.377 67.395 67.414 67.432 67.45  
67.468 67.486 67.504 67.522 67.54 67.558  
67.576 67.594 67.612 67.63 67.648 67.666  
67.684 67.701 67.719 67.736 67.754 67.772  
67.789 67.806 67.824 67.841 67.858 67.875  
67.892 67.909 67.926 67.943 67.96 67.977  
67.994 68.01 68.027 68.043 68.06 68.076  
68.092 68.108 68.124 68.14 68.155 68.169  
68.182 68.193 68.203 68.21 68.216 68.22  
68.223 68.225 68.226 68.228 68.229 68.229  
68.23 68.231 68.231 68.231 66.278 66.278  
66.279 66.279 66.28 66.281 66.282 66.283  
66.284 66.286 66.289 66.293 66.298 66.306  
66.315 66.326 66.337 66.348 66.36 66.372  
66.385 66.397 66.409 66.421 66.434 66.446  
66.458 66.471 66.483 66.495 66.508 66.52  
66.533 66.545 66.558 66.571 66.583 66.596  
66.609 66.622 66.635 66.648 66.66 66.673  
66.686 66.7 66.713 66.726 66.739 66.752  
66.766 66.779 66.792 66.806 66.819 66.833  
66.846 66.86 66.873 66.887 66.901 66.914  
66.928 66.942 66.956 66.97 66.984 66.998  
67.012 67.026 67.04 67.054 67.069 67.083  
67.097 67.112 67.126 67.141 67.156 67.171  
67.186 67.202 67.218 67.234 67.251 67.269  
67.287 67.304 67.322 67.34 67.359 67.377  
67.395 67.413 67.431 67.449 67.468 67.486  
67.504 67.522 67.54 67.558 67.576 67.594  
67.612 67.63 67.648 67.666 67.683 67.701  
67.719 67.736 67.754 67.771 67.789 67.806  
67.823 67.841 67.858 67.875 67.892 67.909  
67.926 67.943 67.96 67.977 67.994 68.011  
68.028 68.044 68.061 68.078 68.094 68.111  
68.127 68.143 68.159 68.174 68.188 68.201  
68.21 68.217 68.222 68.225 68.227 68.228  
68.229 68.23 68.23 68.231 68.231 68.231  
68.232 68.232 66.278 66.278 66.278 66.278  
66.279 66.279 66.28 66.28 66.281 66.282  
66.283 66.286 66.292 66.3 66.31 66.321  
66.333 66.346 66.358 66.371 66.383 66.396  
66.408 66.421 66.433 66.446 66.458 66.471  
66.483 66.495 66.508 66.521 66.533 66.546  
66.558 66.571 66.584 66.596 66.609 66.622  
66.635 66.648 66.661 66.674 66.687 66.7  
66.713 66.726 66.739 66.752 66.766 66.779  
66.792 66.806 66.819 66.833 66.846 66.86  
66.873 66.887 66.901 66.914 66.928 66.942  
66.956 66.97 66.984 66.998 67.012 67.026  
67.04 67.054 67.068 67.082 67.096 67.111  
67.125 67.14 67.154 67.169 67.184 67.2  
67.216 67.232 67.25 67.267 67.285 67.303  
67.321 67.339 67.358 67.376 67.394 67.413  
67.431 67.449 67.467 67.485 67.504 67.522  
67.54 67.558 67.576 67.594 67.612 67.63  
67.648 67.665 67.683 67.701 67.718 67.736  
67.754 67.771 67.789 67.806 67.823 67.841  
67.858 67.875 67.892 67.909 67.926 67.943  
67.96 67.977 67.994 68.011 68.028 68.045  
68.062 68.079 68.096 68.113 68.13 68.147  
68.164 68.181 68.196 68.21 68.22 68.227  
68.23 68.232 68.232 68.232 68.232 68.232  
68.232 68.232 68.232 68.232 68.232 68.232  
66.277 66.277 66.277 66.278 66.278 66.278  
66.278 66.277 66.277 66.277 66.277 66.279  
66.284 66.292 66.303 66.316 66.33 66.343  
66.356 66.37 66.382 66.395 66.408 66.421  
66.433 66.446 66.458 66.471 66.483 66.496  
66.508 66.521 66.533 66.546 66.558 66.571  
66.584 66.597 66.609 66.622 66.635 66.648  
66.661 66.674 66.687 66.7 66.713 66.726  
66.739 66.752 66.766 66.779 66.792 66.806  
66.819 66.833 66.846 66.86 66.873 66.887  
66.901 66.915 66.928 66.942 66.956 66.97  
66.984 66.998 67.012 67.026 67.04 67.054  
67.068 67.082 67.096 67.11 67.124 67.138  
67.152 67.167 67.182 67.197 67.213 67.23  
67.247 67.265 67.283 67.302 67.32 67.339  
67.357 67.375 67.394 67.412 67.43 67.449  
67.467 67.485 67.503 67.522 67.54 67.558  
67.576 67.594 67.612 67.629 67.647 67.665  
67.683 67.701 67.718 67.736 67.753 67.771  
67.788 67.806 67.823 67.84 67.858 67.875  
67.892 67.909 67.926 67.943 67.96 67.977  
67.994 68.011 68.028 68.046 68.063 68.08  
68.098 68.115 68.133 68.151 68.17 68.188  
68.205 68.221 68.232 68.237 68.239 68.239  
68.237 68.236 68.235 68.234 68.233 68.233  
68.233 68.232 68.232 68.232 66.277 66.277  
66.277 66.277 66.277 66.277 66.276 66.275  
66.274 66.272 66.27 66.27 66.275 66.284  
66.297 66.312 66.327 66.341 66.355 66.369  
66.382 66.395 66.408 66.421 66.433 66.446  
66.458 66.471 66.483 66.496 66.508 66.521  
66.533 66.546 66.559 66.571 66.584 66.597  
66.61 66.622 66.635 66.648 66.661 66.674  
66.687 66.7 66.713 66.726 66.739 66.753  
66.766 66.779 66.793 66.806 66.819 66.833  
66.846 66.86 66.874 66.887 66.901 66.915  
66.928 66.942 66.956 66.97 66.984 66.997  
67.011 67.025 67.039 67.053 67.067 67.081  
67.095 67.109 67.123 67.137 67.151 67.165  
67.179 67.194 67.21 67.227 67.245 67.263  
67.282 67.3 67.319 67.338 67.356 67.375  
67.393 67.412 67.43 67.448 67.467 67.485  
67.503 67.521 67.539 67.557 67.575 67.593  
67.611 67.629 67.647 67.665 67.683 67.7  
67.718 67.736 67.753 67.771 67.788 67.805  
67.823 67.84 67.857 67.874 67.892 67.909  
67.926 67.943 67.96 67.977 67.994 68.011  
68.028 68.046 68.063 68.081 68.099 68.117  
68.135 68.154 68.174 68.195 68.215 68.233  
68.245 68.25 68.249 68.245 68.242 68.239  
68.237 68.235 68.234 68.233 68.233 68.233  
68.232 68.232 66.277 66.277 66.277 66.277  
66.277 66.276 66.275 66.274 66.272 66.269  
66.265 66.263 66.267 66.277 66.292 66.308  
66.324 66.34 66.354 66.368 66.382 66.395  
66.408 66.421 66.433 66.446 66.459 66.471  
66.484 66.496 66.509 66.521 66.534 66.546  
66.559 66.572 66.584 66.597 66.61 66.623  
66.635 66.648 66.661 66.674 66.687 66.7  
66.713 66.726 66.74 66.753 66.766 66.779  
66.793 66.806 66.819 66.833 66.846 66.86  
66.874 66.887 66.901 66.915 66.928 66.942  
66.956 66.97 66.984 66.997 67.011 67.025  
67.039 67.053 67.067 67.081 67.094 67.108  
67.122 67.135 67.149 67.163 67.176 67.191  
67.206 67.224 67.242 67.261 67.28 67.299  
67.318 67.337 67.356 67.374 67.393 67.411  
67.43 67.448 67.466 67.485 67.503 67.521  
67.539 67.557 67.575 67.593 67.611 67.629  
67.647 67.665 67.682 67.7 67.718 67.735  
67.753 67.77 67.788 67.805 67.822 67.84  
67.857 67.874 67.891 67.908 67.925 67.943  
67.96 67.977 67.994 68.011 68.028 68.046  
68.063 68.081 68.099 68.117 68.137 68.156  
68.177 68.2 68.223 68.243 68.256 68.26  
68.256 68.25 68.245 68.241 68.238 68.236  
68.234 68.233 68.233 68.232 68.232 68.232  
66.278 66.278 66.278 66.278 66.277 66.277  
66.276 66.274 66.271 66.268 66.264 66.261  
66.264 66.274 66.29 66.307 66.324 66.34  
66.354 66.368 66.382 66.395 66.408 66.421  
66.434 66.446 66.459 66.471 66.484 66.496  
66.509 66.522 66.534 66.547 66.559 66.572  
66.585 66.597 66.61 66.623 66.636 66.648  
66.661 66.674 66.687 66.7 66.713 66.727  
66.74 66.753 66.766 66.779 66.793 66.806  
66.82 66.833 66.847 66.86 66.874 66.887  
66.901 66.915 66.928 66.942 66.956 66.97  
66.983 66.997 67.011 67.025 67.039 67.053  
67.066 67.08 67.094 67.108 67.121 67.134  
67.147 67.16 67.173 67.187 67.202 67.22  
67.239 67.259 67.278 67.298 67.317 67.336  
67.355 67.374 67.392 67.411 67.429 67.448  
67.466 67.484 67.503 67.521 67.539 67.557  
67.575 67.593 67.611 67.629 67.647 67.664  
67.682 67.7 67.717 67.735 67.753 67.77  
67.787 67.805 67.822 67.839 67.857 67.874  
67.891 67.908 67.925 67.942 67.959 67.976  
67.993 68.011 68.028 68.045 68.063 68.08  
68.099 68.117 68.136 68.157 68.178 68.201  
68.225 68.246 68.26 68.263 68.258 68.251  
68.245 68.241 68.238 68.235 68.234 68.233  
68.232 68.231 68.231 68.231 66.279 66.279  
66.279 66.279 66.278 66.278 66.277 66.275  
66.273 66.27 66.267 66.265 66.268 66.278  
66.293 66.31 66.326 66.341 66.356 66.37  
66.383 66.396 66.409 66.422 66.434 66.447  
66.459 66.472 66.484 66.497 66.509 66.522  
66.534 66.547 66.56 66.572 66.585 66.597  
66.61 66.623 66.636 66.649 66.662 66.674  
66.687 66.7 66.714 66.727 66.74 66.753  
66.766 66.78 66.793 66.806 66.82 66.833  
66.847 66.86 66.874 66.887 66.901 66.915  
66.928 66.942 66.956 66.97 66.984 66.997  
67.011 67.025 67.039 67.053 67.066 67.08  
67.094 67.107 67.12 67.134 67.146 67.159  
67.175 67.195 67.199 67.216 67.236 67.257  
67.277 67.297 67.316 67.336 67.355 67.373  
67.392 67.411 67.429 67.448 67.466 67.484  
67.502 67.521 67.539 67.557 67.575 67.593  
67.611 67.629 67.646 67.664 67.682 67.7  
67.717 67.735 67.752 67.77 67.787 67.804  
67.822 67.839 67.856 67.873 67.89 67.907  
67.924 67.941 67.959 67.976 67.993 68.01  
68.027 68.044 68.062 68.079 68.097 68.116  
68.135 68.155 68.175 68.198 68.22 68.241  
68.254 68.258 68.254 68.248 68.243 68.239  
68.236 68.234 68.232 68.231 68.231 68.23  
68.23 68.23 66.28 66.28 66.28 66.28  
66.28 66.28 66.279 66.278 66.277 66.275  
66.273 66.273 66.278 66.287 66.3 66.315  
66.33 66.344 66.358 66.371 66.384 66.397  
66.41 66.423 66.435 66.448 66.46 66.473  
66.485 66.497 66.51 66.522 66.535 66.547  
66.56 66.572 66.585 66.598 66.61 66.623  
66.636 66.649 66.662 66.675 66.688 66.701  
66.714 66.727 66.74 66.753 66.766 66.78  
66.793 66.806 66.82 66.833 66.847 66.86  
66.874 66.887 66.901 66.915 66.928 66.942  
66.956 66.97 66.984 66.997 67.011 67.025  
67.039 67.053 67.066 67.08 67.094 67.107  
67.12 67.133 67.146 67.158 67.182 67.205  
67.21 67.215 67.235 67.256 67.277 67.297  
67.316 67.335 67.354 67.373 67.392 67.411  
67.429 67.448 67.466 67.484 67.502 67.521  
67.539 67.557 67.575 67.593 67.611 67.628  
67.646 67.664 67.682 67.699 67.717 67.734  
67.752 67.769 67.787 67.804 67.821 67.838  
67.856 67.873 67.89 67.907 67.924 67.941  
67.958 67.975 67.992 68.009 68.026 68.043  
68.06 68.078 68.095 68.113 68.132 68.151  
68.17 68.191 68.211 68.229 68.241 68.245  
68.244 68.241 68.237 68.235 68.232 68.231  
68.23 68.229 68.229 68.228 68.228 68.228  
66.281 66.281 66.282 66.282 66.282 66.282  
66.282 66.282 66.282 66.281 66.281 66.283  
66.288 66.297 66.308 66.321 66.334 66.347  
66.361 66.373 66.386 66.399 66.411 66.424  
66.436 66.449 66.461 66.473 66.486 66.498  
66.51 66.523 66.535 66.548 66.56 66.573  
66.585 66.598 66.611 66.623 66.636 66.649  
66.662 66.675 66.688 66.701 66.714 66.727  
66.74 66.753 66.767 66.78 66.793 66.807  
66.82 66.833 66.847 66.86 66.874 66.888  
66.901 66.915 66.929 66.942 66.956 66.97  
66.984 66.997 67.011 67.025 67.039 67.053  
67.066 67.08 67.094 67.107 67.121 67.134  
67.146 67.159 67.174 67.194 67.199 67.217  
67.236 67.257 67.277 67.297 67.316 67.336  
67.355 67.373 67.392 67.411 67.429 67.447  
67.466 67.484 67.502 67.52 67.539 67.557  
67.575 67.592 67.61 67.628 67.646 67.664  
67.681 67.699 67.717 67.734 67.752 67.769  
67.786 67.804 67.821 67.838 67.855 67.872  
67.889 67.906 67.923 67.94 67.957 67.974  
67.991 68.007 68.024 68.041 68.058 68.075  
68.093 68.11 68.128 68.146 68.164 68.182  
68.2 68.215 68.226 68.231 68.233 68.232  
68.231 68.229 68.228 68.228 68.227 68.227  
68.227 68.226 68.226 68.226 66.283 66.283  
66.284 66.284 66.284 66.285 66.285 66.286  
66.286 66.287 66.289 66.292 66.298 66.306  
66.316 66.327 66.339 66.351 66.364 66.376  
66.388 66.401 66.413 66.425 66.437 66.45  
66.462 66.474 66.486 66.499 66.511 66.523  
66.536 66.548 66.561 66.573 66.586 66.598  
66.611 66.624 66.636 66.649 66.662 66.675  
66.688 66.701 66.714 66.727 66.74 66.753  
66.767 66.78 66.793 66.807 66.82 66.833  
66.847 66.861 66.874 66.888 66.901 66.915  
66.929 66.942 66.956 66.97 66.984 66.998  
67.011 67.025 67.039 67.053 67.067 67.08  
67.094 67.108 67.121 67.135 67.148 67.161  
67.173 67.187 67.202 67.22 67.239 67.259  
67.278 67.298 67.317 67.336 67.355 67.374  
67.392 67.411 67.429 67.448 67.466 67.484  
67.502 67.52 67.538 67.556 67.574 67.592  
67.61 67.628 67.646 67.663 67.681 67.699  
67.716 67.734 67.751 67.769 67.786 67.803  
67.82 67.837 67.855 67.872 67.889 67.905  
67.922 67.939 67.956 67.973 67.989 68.006  
68.023 68.039 68.056 68.073 68.09 68.107  
68.123 68.14 68.157 68.173 68.189 68.202  
68.212 68.218 68.222 68.223 68.224 68.224  
68.224 68.224 68.224 68.224 68.224 68.224  
68.224 68.224 66.285 66.285 66.286 66.286  
66.287 66.288 66.289 66.29 66.291 66.293  
66.296 66.3 66.306 66.313 66.322 66.333  
66.344 66.355 66.367 66.379 66.391 66.402  
66.414 66.426 66.439 66.451 66.463 66.475  
66.487 66.499 66.511 66.524 66.536 66.549  
66.561 66.574 66.586 66.599 66.611 66.624  
66.637 66.65 66.662 66.675 66.688 66.701  
66.714 66.727 66.74 66.754 66.767 66.78  
66.793 66.807 66.82 66.834 66.847 66.861  
66.874 66.888 66.901 66.915 66.929 66.943  
66.956 66.97 66.984 66.998 67.012 67.026  
67.039 67.053 67.067 67.081 67.095 67.108  
67.122 67.136 67.149 67.163 67.177 67.191  
67.207 67.224 67.242 67.261 67.28 67.299  
67.318 67.337 67.355 67.374 67.392 67.411  
67.429 67.448 67.466 67.484 67.502 67.52  
67.538 67.556 67.574 67.592 67.61 67.628  
67.646 67.663 67.681 67.698 67.716 67.733  
67.751 67.768 67.785 67.803 67.82 67.837  
67.854 67.871 67.888 67.905 67.921 67.938  
67.955 67.971 67.988 68.004 68.021 68.037  
68.054 68.07 68.086 68.103 68.119 68.135  
68.15 68.165 68.179 68.191 68.2 68.207  
68.212 68.215 68.217 68.218 68.219 68.22  
68.22 68.221 68.221 68.222 68.222 68.222  
66.287 66.287 66.288 66.289 66.29 66.291  
66.292 66.294 66.296 66.299 66.302 66.307  
66.312 66.32 66.328 66.338 66.348 66.359  
66.37 66.381 66.393 66.404 66.416 66.428  
66.44 66.452 66.464 66.476 66.488 66.5  
66.512 66.524 66.537 66.549 66.561 66.574  
66.586 66.599 66.612 66.624 66.637 66.65  
66.663 66.675 66.688 66.701 66.714 66.727  
66.741 66.754 66.767 66.78 66.794 66.807  
66.82 66.834 66.847 66.861 66.874 66.888  
66.902 66.915 66.929 66.943 66.957 66.97  
66.984 66.998 67.012 67.026 67.04 67.054  
67.068 67.082 67.095 67.109 67.123 67.137  
67.151 67.165 67.179 67.194 67.21 67.227  
67.245 67.263 67.282 67.3 67.319 67.337  
67.356 67.374 67.393 67.411 67.429 67.448  
67.466 67.484 67.502 67.52 67.538 67.556  
67.574 67.592 67.61 67.628 67.645 67.663  
67.681 67.698 67.716 67.733 67.751 67.768  
67.785 67.802 67.819 67.836 67.853 67.87  
67.887 67.904 67.921 67.937 67.954 67.97  
67.987 68.003 68.019 68.035 68.051 68.067  
68.083 68.099 68.114 68.129 68.144 68.158  
68.17 68.181 68.191 68.198 68.203 68.207  
68.21 68.212 68.214 68.216 68.217 68.218  
68.218 68.219 68.219 68.22 66.289 66.289  
66.29 66.291 66.292 66.294 66.296 66.298  
66.3 66.303 66.307 66.312 66.318 66.325  
66.333 66.342 66.352 66.362 66.373 66.384  
66.395 66.406 66.418 66.429 66.441 66.453  
66.465 66.477 66.489 66.501 66.513 66.525  
66.537 66.549 66.562 66.574 66.587 66.599  
66.612 66.625 66.637 66.65 66.663 66.676  
66.689 66.702 66.715 66.728 66.741 66.754  
66.767 66.78 66.794 66.807 66.82 66.834  
66.847 66.861 66.874 66.888 66.902 66.915  
66.929 66.943 66.957 66.971 66.984 66.998  
67.012 67.026 67.04 67.054 67.068 67.082  
67.096 67.11 67.124 67.139 67.153 67.167  
67.182 67.197 67.213 67.23 67.247 67.265  
67.283 67.302 67.32 67.338 67.357 67.375  
67.393 67.411 67.43 67.448 67.466 67.484  
67.502 67.52 67.538 67.556 67.574 67.592  
67.61 67.628 67.645 67.663 67.68 67.698  
67.715 67.733 67.75 67.767 67.785 67.802  
67.819 67.836 67.853 67.87 67.886 67.903  
67.92 67.936 67.953 67.969 67.985 68.001  
68.017 68.033 68.049 68.064 68.08 68.095  
68.11 68.124 68.138 68.151 68.163 68.173  
68.182 68.19 68.196 68.201 68.204 68.207  
68.21 68.212 68.213 68.214 68.216 68.216  
68.217 68.217 66.291 66.291 66.292 66.293  
66.295 66.297 66.299 66.301 66.304 66.308  
66.312 66.317 66.323 66.33 66.338 66.347  
66.356 66.366 66.376 66.386 66.397 66.408  
66.419 66.431 66.442 66.454 66.466 66.477  
66.489 66.501 66.513 66.525 66.538 66.55  
66.562 66.575 66.587 66.6 66.612 66.625  
66.637 66.65 66.663 66.676 66.689 66.702  
66.715 66.728 66.741 66.754 66.767 66.78  
66.794 66.807 66.821 66.834 66.847 66.861  
66.875 66.888 66.902 66.916 66.929 66.943  
66.957 66.971 66.985 66.999 67.012 67.026  
67.041 67.055 67.069 67.083 67.097 67.111  
67.125 67.14 67.154 67.169 67.184 67.2  
67.216 67.232 67.25 67.267 67.285 67.303  
67.321 67.339 67.357 67.375 67.394 67.412  
67.43 67.448 67.466 67.484 67.502 67.52  
67.538 67.556 67.574 67.592 67.61 67.627  
67.645 67.663 67.68 67.698 67.715 67.733  
67.75 67.767 67.784 67.801 67.818 67.835  
67.852 67.869 67.886 67.902 67.919 67.935  
67.952 67.968 67.984 68.0 68.015 68.031  
68.047 68.062 68.077 68.091 68.106 68.119  
68.133 68.145 68.156 68.167 68.176 68.183  
68.189 68.195 68.199 68.202 68.205 68.208  
68.21 68.211 68.213 68.214 68.214 68.215  
66.293 66.293 66.294 66.296 66.297 66.299  
66.302 66.304 66.308 66.311 66.316 66.321  
66.327 66.334 66.342 66.35 66.359 66.369  
66.378 66.389 66.399 66.41 66.421 66.432  
66.443 66.455 66.466 66.478 66.49 66.502  
66.514 66.526 66.538 66.55 66.563 66.575  
66.587 66.6 66.612 66.625 66.638 66.65  
66.663 66.676 66.689 66.702 66.715 66.728  
66.741 66.754 66.767 66.781 66.794 66.807  
66.821 66.834 66.848 66.861 66.875 66.888  
66.902 66.916 66.929 66.943 66.957 66.971  
66.985 66.999 67.013 67.027 67.041 67.055  
67.069 67.083 67.098 67.112 67.127 67.141  
67.156 67.171 67.186 67.202 67.218 67.234  
67.251 67.269 67.286 67.304 67.322 67.34  
67.358 67.376 67.394 67.412 67.43 67.448  
67.466 67.484 67.502 67.52 67.538 67.556  
67.574 67.592 67.61 67.627 67.645 67.662  
67.68 67.698 67.715 67.732 67.75 67.767  
67.784 67.801 67.818 67.835 67.852 67.868  
67.885 67.902 67.918 67.934 67.95 67.966  
67.982 67.998 68.014 68.029 68.044 68.059  
68.074 68.088 68.102 68.115 68.128 68.14  
68.151 68.161 68.17 68.177 68.184 68.189  
68.194 68.198 68.201 68.204 68.207 68.208  
68.21 68.211 68.212 68.212 66.295 66.295  
66.296 66.298 66.299 66.302 66.304 66.307  
66.311 66.315 66.319 66.325 66.331 66.338  
66.345 66.353 66.362 66.371 66.381 66.391  
66.401 66.412 66.422 66.433 66.445 66.456  
66.467 66.479 66.491 66.502 66.514 66.526  
66.538 66.551 66.563 66.575 66.588 66.6  
66.613 66.625 66.638 66.651 66.663 66.676  
66.689 66.702 66.715 66.728 66.741 66.754  
66.767 66.781 66.794 66.807 66.821 66.834  
66.848 66.861 66.875 66.888 66.902 66.916  
66.93 66.943 66.957 66.971 66.985 66.999  
67.013 67.027 67.041 67.055 67.07 67.084  
67.098 67.113 67.128 67.142 67.157 67.172  
67.188 67.204 67.22 67.236 67.253 67.27  
67.288 67.305 67.323 67.341 67.359 67.377  
67.394 67.412 67.43 67.448 67.466 67.484  
67.502 67.52 67.538 67.556 67.574 67.592  
67.609 67.627 67.645 67.662 67.68 67.697  
67.715 67.732 67.749 67.766 67.784 67.801  
67.818 67.834 67.851 67.868 67.884 67.901  
67.917 67.933 67.949 67.965 67.981 67.997  
68.012 68.027 68.042 68.057 68.071 68.085  
68.099 68.112 68.124 68.135 68.146 68.156  
68.165 68.172 68.179 68.185 68.19 68.194  
68.198 68.201 68.204 68.206 68.208 68.209  
68.21 68.21 66.296 66.297 66.298 66.299  
66.301 66.304 66.306 66.31 66.313 66.317  
66.322 66.328 66.334 66.34 66.348 66.356  
66.364 66.373 66.383 66.393 66.403 66.413  
66.424 66.434 66.446 66.457 66.468 66.48  
66.491 66.503 66.515 66.527 66.539 66.551  
66.563 66.576 66.588 66.6 66.613 66.625  
66.638 66.651 66.663 66.676 66.689 66.702  
66.715 66.728 66.741 66.754 66.768 66.781  
66.794 66.807 66.821 66.834 66.848 66.861  
66.875 66.889 66.902 66.916 66.93 66.944  
66.957 66.971 66.985 66.999 67.013 67.027  
67.042 67.056 67.07 67.085 67.099 67.114  
67.128 67.143 67.158 67.174 67.189 67.205  
67.221 67.238 67.254 67.271 67.289 67.306  
67.324 67.341 67.359 67.377 67.395 67.413  
67.431 67.449 67.467 67.485 67.502 67.52  
67.538 67.556 67.574 67.592 67.609 67.627  
67.645 67.662 67.68 67.697 67.715 67.732  
67.749 67.766 67.783 67.8 67.817 67.834  
67.851 67.867 67.884 67.9 67.916 67.933  
67.949 67.964 67.98 67.995 68.011 68.026  
68.04 68.055 68.069 68.082 68.096 68.108  
68.12 68.132 68.142 68.152 68.16 68.168  
68.175 68.181 68.186 68.191 68.195 68.198  
68.201 68.203 68.205 68.207 68.208 68.208  
66.298 66.298 66.299 66.301 66.303 66.305  
66.308 66.312 66.315 66.32 66.325 66.33  
66.336 66.343 66.35 66.358 66.366 66.375  
66.384 66.394 66.404 66.414 66.425 66.435  
66.446 66.458 66.469 66.48 66.492 66.503  
66.515 66.527 66.539 66.551 66.563 66.576  
66.588 66.601 66.613 66.626 66.638 66.651  
66.664 66.676 66.689 66.702 66.715 66.728  
66.741 66.754 66.768 66.781 66.794 66.808  
66.821 66.834 66.848 66.861 66.875 66.889  
66.902 66.916 66.93 66.944 66.958 66.971  
66.985 66.999 67.014 67.028 67.042 67.056  
67.071 67.085 67.1 67.114 67.129 67.144  
67.159 67.175 67.19 67.206 67.222 67.239  
67.255 67.272 67.289 67.307 67.324 67.342  
67.36 67.377 67.395 67.413 67.431 67.449  
67.467 67.485 67.503 67.52 67.538 67.556  
67.574 67.592 67.609 67.627 67.645 67.662  
67.68 67.697 67.714 67.732 67.749 67.766  
67.783 67.8 67.817 67.834 67.85 67.867  
67.883 67.9 67.916 67.932 67.948 67.963  
67.979 67.994 68.009 68.024 68.039 68.053  
68.067 68.08 68.093 68.106 68.117 68.128  
68.139 68.148 68.157 68.165 68.172 68.178  
68.183 68.188 68.192 68.196 68.199 68.201  
68.203 68.205 68.206 68.207 66.299 66.299  
66.301 66.302 66.304 66.307 66.31 66.313  
66.317 66.321 66.326 66.332 66.338 66.345  
66.352 66.36 66.368 66.377 66.386 66.395  
66.405 66.415 66.426 66.436 66.447 66.458  
66.469 66.481 66.492 66.504 66.516 66.527  
66.539 66.552 66.564 66.576 66.588 66.601  
66.613 66.626 66.638 66.651 66.664 66.677  
66.689 66.702 66.715 66.728 66.741 66.755  
66.768 66.781 66.794 66.808 66.821 66.834  
66.848 66.861 66.875 66.889 66.902 66.916  
66.93 66.944 66.958 66.972 66.986 67.0  
67.014 67.028 67.042 67.057 67.071 67.085  
67.1 67.115 67.13 67.145 67.16 67.175  
67.191 67.207 67.223 67.239 67.256 67.273  
67.29 67.307 67.325 67.342 67.36 67.378  
67.395 67.413 67.431 67.449 67.467 67.485  
67.503 67.52 67.538 67.556 67.574 67.592  
67.609 67.627 67.644 67.662 67.679 67.697  
67.714 67.731 67.749 67.766 67.783 67.8  
67.817 67.833 67.85 67.866 67.883 67.899  
67.915 67.931 67.947 67.963 67.978 67.993  
68.008 68.023 68.037 68.052 68.065 68.078  
68.091 68.103 68.115 68.126 68.136 68.146  
68.154 68.162 68.169 68.175 68.181 68.186  
68.19 68.194 68.197 68.2 68.202 68.204  
68.205 68.205 66.3 66.3 66.302 66.303  
66.305 66.308 66.311 66.314 66.318 66.323  
66.328 66.333 66.339 66.346 66.353 66.361  
66.369 66.378 66.387 66.396 66.406 66.416  
66.426 66.437 66.448 66.459 66.47 66.481  
66.493 66.504 66.516 66.528 66.54 66.552  
66.564 66.576 66.588 66.601 66.613 66.626  
66.638 66.651 66.664 66.677 66.689 66.702  
66.715 66.728 66.741 66.755 66.768 66.781  
66.794 66.808 66.821 66.834 66.848 66.862  
66.875 66.889 66.902 66.916 66.93 66.944  
66.958 66.972 66.986 67.0 67.014 67.028  
67.042 67.057 67.071 67.086 67.1 67.115  
67.13 67.145 67.16 67.176 67.192 67.207  
67.224 67.24 67.257 67.274 67.291 67.308  
67.325 67.343 67.36 67.378 67.396 67.413  
67.431 67.449 67.467 67.485 67.503 67.52  
67.538 67.556 67.574 67.592 67.609 67.627  
67.644 67.662 67.679 67.697 67.714 67.731  
67.749 67.766 67.783 67.8 67.816 67.833  
67.85 67.866 67.883 67.899 67.915 67.931  
67.947 67.962 67.978 67.993 68.008 68.022  
68.037 68.051 68.064 68.077 68.09 68.102  
68.113 68.124 68.134 68.144 68.152 68.16  
68.167 68.174 68.179 68.184 68.189 68.193  
68.196 68.199 68.201 68.202 68.204 68.204  
66.3 66.301 66.302 66.304 66.306 66.308  
66.311 66.315 66.319 66.323 66.328 66.334  
66.34 66.347 66.354 66.361 66.37 66.378  
66.387 66.397 66.406 66.416 66.427 66.437  
66.448 66.459 66.47 66.481 66.493 66.504  
66.516 66.528 66.54 66.552 66.564 66.576  
66.588 66.601 66.613 66.626 66.638 66.651  
66.664 66.677 66.689 66.702 66.715 66.728  
66.741 66.755 66.768 66.781 66.794 66.808  
66.821 66.835 66.848 66.862 66.875 66.889  
66.902 66.916 66.93 66.944 66.958 66.972  
66.986 67.0 67.014 67.028 67.043 67.057  
67.071 67.086 67.101 67.115 67.13 67.145  
67.161 67.176 67.192 67.208 67.224 67.24  
67.257 67.274 67.291 67.308 67.325 67.343  
67.36 67.378 67.396 67.414 67.431 67.449  
67.467 67.485 67.503 67.521 67.538 67.556  
67.574 67.592 67.609 67.627 67.644 67.662  
67.679 67.697 67.714 67.731 67.748 67.766  
67.783 67.799 67.816 67.833 67.85 67.866  
67.882 67.899 67.915 67.931 67.946 67.962  
67.977 67.992 68.007 68.022 68.036 68.05  
68.063 68.077 68.089 68.101 68.113 68.123  
68.133 68.143 68.151 68.159 68.166 68.173  
68.179 68.184 68.188 68.192 68.195 68.198  
68.2 68.202 68.203 68.204  
